9.832229999999999581e-01 2.885579353861901656e-15 1.116398245448989345e-17
9.865059999999999940e-01 2.882424034415458477e-15 7.085150453302932046e-18
9.898000000000000131e-01 2.959355828846025467e-15 9.180092530801446114e-18
9.931039999999999868e-01 1.782178232275630626e-15 6.687347963510807715e-18
9.964199999999999724e-01 2.085572476808859667e-15 6.642912189053846086e-18
9.997470000000000523e-01 1.990129837141372282e-15 6.298828421999821747e-18
1.003085000000000004e+00 2.153591729237558479e-15 7.448781575946175960e-18
1.006434000000000051e+00 2.170360056311839416e-15 6.511376140578272796e-18
1.009794999999999998e+00 2.374969954881093441e-15 7.350117463732029573e-18
1.013166000000000011e+00 2.589620932587947234e-15 6.425133699891150750e-18
1.016548999999999925e+00 2.447665785224201529e-15 6.672551032376038958e-18
1.019943000000000044e+00 2.537166295353296527e-15 5.763667186172868768e-18
1.023349000000000064e+00 2.541489411079968639e-15 6.584169458756395369e-18
1.026766000000000068e+00 2.611049066219273934e-15 6.256053088305817734e-18
1.030194000000000054e+00 2.673077255967093518e-15 6.779441418494158722e-18
1.033633999999999942e+00 2.830969902132037750e-15 6.734391679172256847e-18
1.037085000000000035e+00 2.913898990603249884e-15 6.968382893158717063e-18
1.040548000000000028e+00 3.034638891985171767e-15 7.752727096312483479e-18
1.044022000000000006e+00 3.031529570787987495e-15 6.876087758092875646e-18
1.047508000000000106e+00 3.360282634425630142e-15 6.283966224228757540e-18
1.051004999999999967e+00 3.335787349522191485e-15 7.056421046910500637e-18
1.054513999999999951e+00 3.337078949618360902e-15 7.548732476111981445e-18
1.058035000000000059e+00 3.331241373891851804e-15 6.427348900506826960e-18
1.061568000000000067e+00 3.334643444325123045e-15 7.714771430827965016e-18
1.065112999999999976e+00 3.594975668878761115e-15 7.399244246442615039e-18
1.068669000000000091e+00 3.478164820248894707e-15 7.350084148450494455e-18
1.072237000000000107e+00 3.672267450496459038e-15 7.822766705594958152e-18
1.075817000000000023e+00 3.840324237874549263e-15 6.216631708416913786e-18
1.079409000000000063e+00 3.823041278483177918e-15 7.204546762520458598e-18
1.083013000000000003e+00 3.771312992552067970e-15 6.901081043639840207e-18
1.086629000000000067e+00 3.983902880774397322e-15 7.363022340351634075e-18
1.090257000000000032e+00 4.115820991824979721e-15 7.061890297879738439e-18
1.093898000000000037e+00 4.283132952122100624e-15 9.269765982014372924e-18
1.097550000000000026e+00 4.251690448942046991e-15 8.212701054500559254e-18
1.101215000000000055e+00 4.177207702593823082e-15 7.663694074711988794e-18
1.104891000000000068e+00 4.154615638864279762e-15 6.876063239638245546e-18
1.108581000000000039e+00 3.934289880681485399e-15 6.586422791319450233e-18
1.112281999999999993e+00 4.001445126421728964e-15 7.027306283911470927e-18
1.115995999999999988e+00 4.079805946644613532e-15 7.462032234703111229e-18
1.119722000000000106e+00 3.967097221673100439e-15 6.695119173458310247e-18
1.123461000000000043e+00 4.071847706772403717e-15 6.650629165818544918e-18
1.127212000000000103e+00 4.217740364048373930e-15 7.550217702480865159e-18
1.130975000000000064e+00 4.268470993458121993e-15 6.796928333532039924e-18
1.134751999999999983e+00 4.066885753822685919e-15 7.683033539967292331e-18
1.138540000000000108e+00 3.673995963420465466e-15 5.781814118438350288e-18
1.142341999999999969e+00 3.427656057310968109e-15 5.973127177619649604e-18
1.146155999999999953e+00 4.096584197550722605e-15 5.248812686962654006e-18
1.149982999999999977e+00 4.480131205511816376e-15 6.347400382246160646e-18
1.153823000000000043e+00 4.497424450951399786e-15 7.205967475988622202e-18
1.157675000000000010e+00 4.525928355224893263e-15 6.710712729538221912e-18
1.161540000000000017e+00 4.383645456809116188e-15 6.221719018180011150e-18
1.165418999999999983e+00 4.642120802333390248e-15 6.180370998304167230e-18
1.169310000000000072e+00 4.027824429203140078e-15 7.235612747071510832e-18
1.173213999999999979e+00 3.914159090606191338e-15 6.316321497277810065e-18
1.177130999999999927e+00 4.156435837670618494e-15 7.572497752249836981e-18
1.181062000000000056e+00 3.528544193416947044e-15 6.232658156236535854e-18
1.185005000000000086e+00 4.531994939678942689e-15 8.326163682281833360e-18
1.188962000000000074e+00 4.543869547650812750e-15 7.422544299812306732e-18
1.192930999999999964e+00 4.628495843289821473e-15 6.951907643191667398e-18
1.196914999999999951e+00 4.417140048239911511e-15 6.277913655827050235e-18
1.200911000000000062e+00 3.999901231376172532e-15 6.028330511896320064e-18
1.204920999999999909e+00 4.156893563830130850e-15 6.194764637370420688e-18
1.208944000000000019e+00 4.689251847596489015e-15 6.563844937801832127e-18
1.212979999999999947e+00 4.469011387326298119e-15 6.316479870839157642e-18
1.217030000000000056e+00 4.756281130042306456e-15 5.667299529392085392e-18
1.221093999999999902e+00 5.023849551386394503e-15 7.037048637232314417e-18
1.225171000000000010e+00 4.963506912024857471e-15 6.191401668790059640e-18
1.229262000000000077e+00 5.402110728164169608e-15 3.531439676863719199e-17
1.233365999999999962e+00 5.123420396052406577e-15 6.897707960989124788e-18
1.237484000000000028e+00 5.160050734187678931e-15 7.047644981817909138e-18
1.241616000000000053e+00 4.816755202891649200e-15 5.834012519146896766e-18
1.245762000000000036e+00 4.361887718209248650e-15 5.215720477929570757e-18
1.249921000000000060e+00 5.139619992284227693e-15 6.524308532618868137e-18
1.254094000000000042e+00 4.398285443479670144e-15 6.480961475180237228e-18
1.258281999999999901e+00 5.438503506136119527e-15 7.763339730923367676e-18
1.262483000000000022e+00 5.718175687369835336e-15 6.395117705686471435e-18
1.266698000000000102e+00 5.603578755174935092e-15 7.660522455475722136e-18
1.270928000000000058e+00 5.854577662089728230e-15 6.124811781922427487e-18
1.275171000000000054e+00 5.845917708516243908e-15 5.899752954223534713e-18
1.279428999999999927e+00 5.898093129567195988e-15 7.508828390382086108e-18
1.283700999999999981e+00 5.975698184449011407e-15 9.460112204808614705e-18
1.287986999999999993e+00 5.881417637683907200e-15 7.590091896842035520e-18
1.292286999999999964e+00 5.817210478692110850e-15 6.462569888378830260e-18
1.296602000000000032e+00 5.805839789565135424e-15 5.884658549531588824e-18
1.300931000000000060e+00 5.873016349770543234e-15 7.439803549701788547e-18
1.305274999999999963e+00 5.710113585358270011e-15 1.055766586920268352e-17
1.309633000000000047e+00 5.868290891243711384e-15 1.136147820959822470e-17
1.314006000000000007e+00 5.802904812941766846e-15 1.059146026718075032e-17
1.318392999999999926e+00 5.813506232890010033e-15 9.831183031944775545e-18
1.322794999999999943e+00 6.097322908967123624e-15 1.010852117649376888e-17
1.327212000000000058e+00 5.784158119167418888e-15 8.679811218664696222e-18
1.331642999999999910e+00 5.427724006885999816e-15 8.960267010277463925e-18
1.336089000000000082e+00 4.069986325300516922e-15 8.732795086264776103e-18
1.340549999999999908e+00 3.397173731892479736e-15 4.020422654616419023e-17
1.345026000000000055e+00 3.181709850699799902e-15 4.639993532270541698e-18
1.349517000000000078e+00 3.076122093741014674e-15 5.926066001748623475e-18
1.354022999999999977e+00 2.890528007659607878e-15 6.540765984408232315e-18
1.358543999999999974e+00 2.707264701991071197e-15 6.334872705205002563e-18
1.363080000000000069e+00 2.781731915012517242e-15 6.292781014239452573e-18
1.367631000000000041e+00 3.146802574388527589e-15 7.052376777522295135e-18
1.372198000000000029e+00 3.002498301035879374e-15 6.687078621460755779e-18
1.376778999999999975e+00 2.980336710868858529e-15 6.642652401639356724e-18
1.381375999999999937e+00 3.221331975381497734e-15 6.755622070883946110e-18
1.385988999999999916e+00 3.171520938673848831e-15 2.309738701524109800e-17
1.390616000000000074e+00 3.336327740851284192e-15 4.960851619685010601e-18
1.395259000000000027e+00 2.997389169232952806e-15 4.465900426826737699e-18
1.399917999999999996e+00 2.964009787206704135e-15 4.589197647409224903e-18
1.404592000000000063e+00 2.882925621427855681e-15 5.166533371734508638e-18
1.409281999999999924e+00 2.958714919566415434e-15 4.981255667858360121e-18
1.413987000000000105e+00 2.805607206630000369e-15 4.048495247662337893e-18
1.418708999999999998e+00 2.749427201782198009e-15 4.170538038349940783e-18
1.423445000000000071e+00 2.849084943940750747e-15 4.586707169825678384e-18
1.428198000000000079e+00 2.697728565787608608e-15 4.115303723348027777e-18
1.432967000000000102e+00 2.803462751133853346e-15 4.963948210527601415e-18
1.437751000000000001e+00 2.851550308442083236e-15 4.930968898740251804e-18
1.442552000000000056e+00 2.898582893874185174e-15 4.321942684703060490e-18
1.447367999999999988e+00 3.021431255889921129e-15 4.579443953416259554e-18
1.452201000000000075e+00 3.090059523958656718e-15 4.549013422582555648e-18
1.457049999999999956e+00 3.297584054718572977e-15 5.083634205629866160e-18
1.461915000000000076e+00 3.473879828132901910e-15 4.909581828574664287e-18
1.466795999999999989e+00 3.353677304319841158e-15 4.458936086847055575e-18
1.471692999999999918e+00 3.288902272098645560e-15 4.706143565142626211e-18
1.476607000000000003e+00 3.499829575741394743e-15 4.537376286613736175e-18
1.481537000000000104e+00 3.525745859385085001e-15 6.146221572492786562e-18
1.486483999999999916e+00 3.553331479665084593e-15 5.834030302619268193e-18
1.491446999999999967e+00 3.709510479360362898e-15 5.390946780061564946e-18
1.496426999999999952e+00 3.744571246677616644e-15 5.489003257553890307e-18
1.501422999999999952e+00 3.880342799419828055e-15 6.117477852262391548e-18
1.506437000000000026e+00 3.996435855297147997e-15 5.680508454904712063e-18
1.511465999999999976e+00 4.076048772256890683e-15 5.773997810093145187e-18
1.516513000000000000e+00 4.302374044758860799e-15 4.823143149706949553e-18
1.521576000000000040e+00 4.251517496239479322e-15 5.309055442567499377e-18
1.526656999999999931e+00 4.449779974842120833e-15 5.273775191320083672e-18
1.531754000000000060e+00 4.639220165060537626e-15 5.494284099856867826e-18
1.536869000000000041e+00 4.657891823351825919e-15 6.092397610793167295e-18
1.542000000000000037e+00 4.820606603166672141e-15 6.430165213200301574e-18
1.547149000000000107e+00 4.961660494639699768e-15 5.761217254478649425e-18
1.552313999999999972e+00 5.065799447981015923e-15 6.345001518911338386e-18
1.557496999999999909e+00 5.212821342268587184e-15 6.302842305730156270e-18
1.562697999999999920e+00 5.138527538847950638e-15 6.138193777442184215e-18
1.567914999999999948e+00 5.254995206135954647e-15 6.341310468742914075e-18
1.573150000000000048e+00 5.350302471646989059e-15 5.693486452949226606e-18
1.578403000000000000e+00 5.658541120948360334e-15 6.979316625871998754e-18
1.583673000000000108e+00 5.385582361638978249e-15 6.574343133728636987e-18
1.588961000000000068e+00 5.246017907439594532e-15 6.055700714773757635e-18
1.594265999999999961e+00 5.374288516217803509e-15 6.015466471931964860e-18
1.599588999999999928e+00 5.502612931458036579e-15 6.912830315902055721e-18
1.604929999999999968e+00 5.624919631820795067e-15 8.147165764395200274e-18
1.610289000000000081e+00 5.590779968571935069e-15 6.590037806493378601e-18
1.615664999999999907e+00 5.340710534323565840e-15 5.972022187489526920e-18
1.621059999999999945e+00 5.548675192491030400e-15 6.046421144437869680e-18
1.626473000000000058e+00 5.527669545765913169e-15 6.232893064705192282e-18
1.631903000000000103e+00 5.350679928890170937e-15 5.628621246018567655e-18
1.637351999999999919e+00 5.659209457473560942e-15 5.703044623995249651e-18
1.642819000000000029e+00 5.652820377541719452e-15 5.887313171996132094e-18
1.648303999999999991e+00 5.823589815345308543e-15 5.075793082325334493e-18
1.653807999999999945e+00 5.874443051749030354e-15 6.795825450767619572e-18
1.659329000000000054e+00 5.879731554921365861e-15 6.206268377076680657e-18
1.664870000000000072e+00 5.743965418594338385e-15 6.705817612609429788e-18
1.670428999999999942e+00 5.782832731688390750e-15 6.016621450924307806e-18
1.676006000000000107e+00 5.876751426098247845e-15 7.043905167123426614e-18
1.681602000000000041e+00 5.900571346463314207e-15 6.254985167029043761e-18
1.687216999999999967e+00 5.941294885565352806e-15 7.371856246270111778e-18
1.692849999999999966e+00 5.913223827303333004e-15 7.322877804710010020e-18
1.698501999999999956e+00 5.794853970407817380e-15 6.962470698251986252e-18
1.704172999999999938e+00 5.913359189915074052e-15 7.742025647964224079e-18
1.709862999999999911e+00 5.679240152839352909e-15 5.332138448093280617e-18
1.715573000000000015e+00 5.651786077265198507e-15 5.194843563070416059e-18
1.721300999999999970e+00 5.363401217807434596e-15 4.654412738301393066e-18
1.727047999999999917e+00 5.244442342339667621e-15 5.025530244872998280e-18
1.732814000000000076e+00 5.080002305092276306e-15 4.592769379603865485e-18
1.738599999999999923e+00 5.016591795748105398e-15 4.760609837605208498e-18
1.744404999999999983e+00 4.758534123954664325e-15 4.630457636146362131e-18
1.750229000000000035e+00 4.709106578994505603e-15 4.110363612738876259e-18
1.756072999999999995e+00 4.368184640727558393e-15 3.791405002745749375e-18
1.761937000000000086e+00 4.246546887696330634e-15 4.249057694515816636e-18
1.767819000000000029e+00 4.186582989776820734e-15 4.220829263574457956e-18
1.773722000000000021e+00 3.816098580568435107e-15 4.002200923511729685e-18
1.779644000000000004e+00 3.723631619320440336e-15 3.691637428275386621e-18
1.785585999999999895e+00 3.683845609087566496e-15 3.761136973901236837e-18
1.791547999999999918e+00 3.425765341123173552e-15 3.362531076163106289e-18
1.797530000000000072e+00 3.336105529930219835e-15 3.618536980400448908e-18
1.803531999999999913e+00 3.279283334274609366e-15 3.778825652199522148e-18
1.809554000000000107e+00 3.234971152623488657e-15 3.479054276325708042e-18
1.815595999999999988e+00 3.319064073335596964e-15 3.728774544643361829e-18
1.821657999999999999e+00 3.065646449167363109e-15 3.975023391388106120e-18
1.827739999999999920e+00 3.205914610275880063e-15 3.769130378221558329e-18
1.833842999999999890e+00 3.177747497147474305e-15 4.278954185852350794e-18
1.839965999999999990e+00 3.091104113533603154e-15 4.161970187529130553e-18
1.846109000000000000e+00 3.033269973321396376e-15 3.606532752549872533e-18
1.852273000000000058e+00 2.858278427715029145e-15 3.582569029877295028e-18
1.858457000000000026e+00 2.699801983235877307e-15 3.211570003206258441e-18
1.864662999999999959e+00 2.532523685603391924e-15 4.397341276241760751e-18
1.870889000000000024e+00 2.736928687586597524e-15 4.539421700581745100e-18
1.877134999999999998e+00 2.775834185779575638e-15 5.189906373216273198e-18
1.883402999999999938e+00 2.997242661310744539e-15 4.479299037036697704e-18
1.889691000000000010e+00 3.114005424098738569e-15 4.029770849691022657e-18
1.896001000000000047e+00 3.063707269569560748e-15 4.670158344336646995e-18
1.902330999999999994e+00 3.227840506704548472e-15 4.390605349947158771e-18
1.908682999999999907e+00 3.206474368722365038e-15 4.608303981738802907e-18
1.915056000000000092e+00 3.239610348754433334e-15 3.678495765788133763e-18
1.921450000000000102e+00 3.225961868802537666e-15 4.384865609024794461e-18
1.927866000000000080e+00 3.233482915922959078e-15 5.081682932201122536e-18
1.934303000000000106e+00 3.155429141831756160e-15 4.166535013718577714e-18
1.940760999999999958e+00 2.981406373206217792e-15 3.979665723218293853e-18
1.947241000000000000e+00 3.013778970681601878e-15 4.190416219269764570e-18
1.953743000000000007e+00 3.031922806493770107e-15 4.398188715253630662e-18
1.960266000000000064e+00 2.971833431306086421e-15 3.900862951940152479e-18
1.966811000000000087e+00 2.895668283136345978e-15 3.797445291555532502e-18
1.973378000000000076e+00 3.036477574862520509e-15 3.695229155829956083e-18
1.979967000000000033e+00 2.872915644228083970e-15 3.670675865708795560e-18
1.986577999999999955e+00 2.870614399960448402e-15 3.722250009210667873e-18
1.993211000000000066e+00 2.866481539274740322e-15 4.376653309762153220e-18
1.999865999999999921e+00 3.005672241808939879e-15 4.197656879178528880e-18
2.006543000000000188e+00 3.062247099803437301e-15 4.095306873734111282e-18
2.013243000000000116e+00 2.992194205571168670e-15 4.068094163900090099e-18
2.019965000000000011e+00 3.108827092255301463e-15 3.379798786248436458e-18
2.026708999999999872e+00 3.261075061327189283e-15 4.087200452861901502e-18
2.033475999999999839e+00 3.225414120675067062e-15 4.712549852631705238e-18
2.040265999999999913e+00 3.345930963456672666e-15 3.744988271373618909e-18
2.047077999999999953e+00 3.381862126019090064e-15 4.006267538015507170e-18
2.053913000000000100e+00 3.479420315717454781e-15 4.406038675159457299e-18
2.060770999999999908e+00 3.582873789536003737e-15 4.870912469519332986e-18
2.067651999999999823e+00 3.543358623275185514e-15 3.997059994591047684e-18
2.074555000000000149e+00 3.646106977531582588e-15 3.970504130815968206e-18
2.081481999999999832e+00 3.742486544247253570e-15 4.359291725910161037e-18
2.088432000000000066e+00 3.780924321045004755e-15 3.917913834594966341e-18
2.095404999999999962e+00 3.888057883194654644e-15 3.755324240933302362e-18
2.102400999999999964e+00 3.928286464917173968e-15 3.730373209890613951e-18
2.109421000000000213e+00 3.991454794818458384e-15 4.177205699892720383e-18
2.116464000000000123e+00 4.052005646060734856e-15 4.551010569703520178e-18
2.123530999999999835e+00 4.021956147846983511e-15 4.321324191448400509e-18
2.130621000000000098e+00 4.073226673606390368e-15 4.292612175887922703e-18
2.137735000000000163e+00 4.118585763602468721e-15 3.739278591401050147e-18
2.144871999999999890e+00 4.076690499511868150e-15 4.691918284577032647e-18
2.152034000000000002e+00 4.155568201391254938e-15 4.013415609792787092e-18
2.159219000000000221e+00 4.145641309406101938e-15 4.565471808531483532e-18
2.166428999999999938e+00 4.178774733538642070e-15 5.110010221230054592e-18
2.173662000000000205e+00 4.191999897473715843e-15 4.251199435886887245e-18
2.180919999999999970e+00 4.069222912591688664e-15 3.844776221993045270e-18
2.188201999999999980e+00 4.039617457487213374e-15 5.634928257499213402e-18
2.195507999999999793e+00 4.080506494828467280e-15 6.157236705147438952e-18
2.202838999999999992e+00 4.044619108372183945e-15 6.548789855766287208e-18
2.210193999999999992e+00 3.948089279881656623e-15 5.646089251835981885e-18
2.217572999999999794e+00 3.845959691583360526e-15 5.059911778994388803e-18
2.224976999999999983e+00 3.840450684416604417e-15 5.692427454904929190e-18
2.232406000000000112e+00 3.921588169193984746e-15 5.233516447360473859e-18
2.239860000000000184e+00 3.825317513451891297e-15 5.617030840172421574e-18
2.247339000000000198e+00 3.826254267853077400e-15 1.323696403554508977e-17
2.254842000000000013e+00 3.779251965933823236e-15 3.950601955215248004e-18
2.262370999999999910e+00 3.776982928370507178e-15 4.802937164666919070e-18
2.269925000000000193e+00 3.695332110519006234e-15 4.363740840926525244e-18
2.277503999999999973e+00 3.698232025110694318e-15 4.854915687706852018e-18
2.285108000000000139e+00 3.617395909405866172e-15 4.191120056289432055e-18
2.292737999999999943e+00 3.653241985169559947e-15 5.189831254202193163e-18
2.300393000000000132e+00 2.769158569845682317e-15 3.909000436156957220e-18
2.308073999999999959e+00 2.881712023116422688e-15 4.276956544160918134e-18
2.315780000000000172e+00 2.905274542245772558e-15 4.304441703121442301e-18
2.323513000000000162e+00 2.889688877426929027e-15 4.609019885976307718e-18
2.331271000000000093e+00 2.628550429396674848e-15 3.475167402249444433e-18
2.339053999999999967e+00 2.782540252093925174e-15 3.068514879920833190e-18
2.346864000000000061e+00 2.765684265795847480e-15 2.884833325208713141e-18
2.354699999999999793e+00 2.805864425305900728e-15 2.703457456840772231e-18
2.362562000000000051e+00 2.669005632753255859e-15 3.061463809126750158e-18
2.370451000000000086e+00 2.657085455500457284e-15 2.987767268543946090e-18
2.378365000000000062e+00 2.709602025467043641e-15 2.967916782579401223e-18
2.386305999999999816e+00 2.628843868795509612e-15 2.895550382179536711e-18
2.394273999999999791e+00 2.604577163923190596e-15 2.928606561314325433e-18
2.402267999999999848e+00 2.597817223449662888e-15 3.064995224339194335e-18
2.410289000000000126e+00 2.553360621942048963e-15 2.683402432113712987e-18
2.418337000000000181e+00 2.462937197351571338e-15 2.665571924621343846e-18
2.426410999999999873e+00 2.420247526293432004e-15 2.596941381042816331e-18
2.434512999999999927e+00 2.357123966640447697e-15 2.782013265348167511e-18
2.442642000000000202e+00 2.286441957278394157e-15 2.512297502778149493e-18
2.450797000000000114e+00 2.206215559097888443e-15 2.894903000490418781e-18
2.458979999999999944e+00 2.148173373333194239e-15 2.479023903493426478e-18
2.467189999999999994e+00 2.105482469595192473e-15 2.462552596017768527e-18
2.475427999999999962e+00 1.934446708077066650e-15 2.495113356396823804e-18
2.483693000000000151e+00 1.948906073233055176e-15 2.624331154420851334e-18
2.491985999999999812e+00 1.882949421478068231e-15 2.606893363752837147e-18
2.500306999999999835e+00 1.918584232326837276e-15 3.117075962338642475e-18
2.508655000000000079e+00 1.787650731962710421e-15 2.477092175288750539e-18
2.517030999999999796e+00 1.724951345433343689e-15 2.224034050293999031e-18
2.525434999999999874e+00 1.730082983547329364e-15 2.585300334051597470e-18
2.533866999999999869e+00 1.667411997892257581e-15 2.568122651472252755e-18
2.542327999999999921e+00 1.664448998911889089e-15 2.087228785036505780e-18
2.550816000000000194e+00 1.576814174599585560e-15 2.349809277520348409e-18
2.559333000000000080e+00 1.688035490980635887e-15 2.563038541698270553e-18
2.567877999999999883e+00 1.504009429648887539e-15 3.546227003797141489e-18
2.576452000000000186e+00 1.646122719147236350e-15 2.167793094983877434e-18
2.585055000000000103e+00 1.577895334782115152e-15 2.198250636993166084e-18
2.593685999999999936e+00 1.666611155758156730e-15 2.451029829581758773e-18
2.602345999999999826e+00 1.593207978119686999e-15 2.479012136001735866e-18
2.611035000000000217e+00 1.661247262689664866e-15 2.550488147493264237e-18
2.619753000000000220e+00 1.761510174411246551e-15 3.407176352826394956e-18
2.628499999999999837e+00 1.778748073690852504e-15 2.603490459870006025e-18
2.637275999999999954e+00 1.749558985479229411e-15 2.413779334487234382e-18
2.646081999999999823e+00 1.802929397694169042e-15 2.269289875505627933e-18
2.654917000000000193e+00 1.805368278910966774e-15 2.339276164160085948e-18
2.663781000000000176e+00 1.892321985900849955e-15 2.365983415804049681e-18
2.672674999999999912e+00 1.557384859288174112e-15 2.224355867798674894e-18
2.681598999999999844e+00 1.503261958391519850e-15 3.126758191784458509e-18
2.690552999999999972e+00 1.517002773517957839e-15 2.112067414196059434e-18
2.699536000000000158e+00 1.380876963746100682e-15 2.139172464467996615e-18
2.708549999999999791e+00 1.517832916918936024e-15 2.329280786807187649e-18
2.717592999999999925e+00 1.410974438406385915e-15 2.476177126579865141e-18
2.726666999999999952e+00 1.395510154285729879e-15 2.217783705666757161e-18
2.735771000000000175e+00 1.586314542121805986e-15 2.323213984876517816e-18
2.744905999999999846e+00 1.405356299722205096e-15 2.307776483122533241e-18
2.754070000000000018e+00 1.564079249607559945e-15 2.411018756344414419e-18
2.763265999999999778e+00 1.489885053950041262e-15 2.787620597951166968e-18
2.772492000000000179e+00 1.360251523304972292e-15 2.106075128550864307e-18
2.781749000000000027e+00 1.509475483584880813e-15 2.402019403066131405e-18
2.791037000000000212e+00 1.381104912156651646e-15 2.501513620257539867e-18
2.800355999999999845e+00 1.562117982450204337e-15 2.523121404770043093e-18
2.809705999999999815e+00 1.326242450378391711e-15 2.544331811228732533e-18
2.819087999999999816e+00 1.476053796309807786e-15 2.150197203855428161e-18
2.828500000000000014e+00 1.359975878517260016e-15 2.435688207192072425e-18
2.837943999999999800e+00 1.444258012539183398e-15 3.945653333225604179e-18
2.847420000000000062e+00 1.466275556812788206e-15 2.329475730152708464e-18
2.856927000000000216e+00 1.321109165398901161e-15 2.167077423224398608e-18
2.866465999999999958e+00 1.528620481033567422e-15 2.554025054237868238e-18
2.876037000000000177e+00 1.374032500307578946e-15 2.355836367281069202e-18
2.885639999999999983e+00 1.536239922245434887e-15 2.124165817025559873e-18
2.895274999999999821e+00 1.348430257203615349e-15 1.609361382722328945e-18
2.904942000000000135e+00 1.450702406409122362e-15 1.740771835779282620e-18
2.914641000000000037e+00 1.364766728921751472e-15 1.729205640037385753e-18
2.924373000000000111e+00 1.402777677403725159e-15 1.612549309290567738e-18
2.934137000000000217e+00 1.374060964118841689e-15 1.601834926112337359e-18
2.943934000000000051e+00 1.460367703478421343e-15 1.418235725108136017e-18
2.953762999999999916e+00 1.379708721636331734e-15 1.477535303224224145e-18
2.963624999999999954e+00 1.415767735715240207e-15 1.501851110744745968e-18
2.973520999999999859e+00 1.378048301679467797e-15 1.593589798463080700e-18
2.983448999999999796e+00 1.459392652475936144e-15 1.515639726780916847e-18
2.993409999999999904e+00 1.381878595564531682e-15 1.438655294028880889e-18
3.003404999999999880e+00 1.503242665722693088e-15 1.562035004509442192e-18
3.013433000000000028e+00 1.341522271901877122e-15 1.485628208086242474e-18
3.023493999999999904e+00 1.514553509092494895e-15 1.508552095321974879e-18
3.033589999999999787e+00 1.423112636219328185e-15 1.465950981569640815e-18
3.043718000000000146e+00 1.521384826879695005e-15 1.520931783369755216e-18
3.053881000000000068e+00 1.354921274379557252e-15 1.510825620304607344e-18
3.064077999999999857e+00 1.535432362588327723e-15 1.724307945924294352e-18
3.074307999999999819e+00 1.429438015738882991e-15 1.459095722267582701e-18
3.084572999999999787e+00 1.553064223986007131e-15 1.859013779979192798e-18
3.094872000000000067e+00 1.443338228087850296e-15 1.408470752134997426e-18
3.105205999999999911e+00 1.511848994334801805e-15 1.399111683977009894e-18
3.115574000000000066e+00 1.439972145154340060e-15 1.513354390712136602e-18
3.125976000000000088e+00 1.468416786030655542e-15 1.779415698760587953e-18
3.136413000000000117e+00 1.470332391507321235e-15 1.737116990339454478e-18
3.146885999999999850e+00 1.476697620408948204e-15 1.937486371310865208e-18
3.157392999999999894e+00 1.460781194242402664e-15 1.774252521004235835e-18
3.167934999999999945e+00 1.470073991190059897e-15 1.941697338603468311e-18
3.178512000000000004e+00 1.425380414951730020e-15 1.780427290457038097e-18
3.189125000000000210e+00 1.510411263140678505e-15 1.886503402373166442e-18
3.199772999999999978e+00 1.440437770763774537e-15 1.844687961095210152e-18
3.210456999999999894e+00 1.438865234230172453e-15 1.890603008448951298e-18
3.221175999999999817e+00 1.473511243655546064e-15 1.820255462858083583e-18
3.231930999999999887e+00 1.475803767651736558e-15 1.951665814864217688e-18
3.242722000000000104e+00 1.499383391005123475e-15 2.052739140772544479e-18
3.253550000000000164e+00 1.511906657552976111e-15 2.039098610917191847e-18
3.264412999999999787e+00 1.583417570848681455e-15 1.913019593804817519e-18
3.275312000000000001e+00 1.559846421462377082e-15 1.816471995898283555e-18
3.286248000000000058e+00 1.544263072266759873e-15 1.665602191950342437e-18
3.297220999999999957e+00 1.567037242025474944e-15 2.013017028311536281e-18
3.308230000000000004e+00 1.564815456405704659e-15 1.835287532457764094e-18
3.319275999999999893e+00 1.454283841444269753e-15 1.414937689539011953e-18
3.330357999999999929e+00 1.322312754600597831e-15 1.648802723383341798e-18
3.341477999999999948e+00 1.333100046387669737e-15 1.449897331418613748e-18
3.352634999999999810e+00 1.368170181158327924e-15 1.706978801764878902e-18
3.363828999999999958e+00 1.388382185883385662e-15 1.483682277912898124e-18
3.375059999999999949e+00 1.463033872700983145e-15 1.658052419143045992e-18
3.386328999999999922e+00 1.446541582721449373e-15 1.490174951024247517e-18
3.397635999999999878e+00 1.503775724235952846e-15 1.791909592820667505e-18
3.408980000000000121e+00 1.482485049191591772e-15 1.547829240285651279e-18
3.420363000000000042e+00 1.435527958556910960e-15 1.793801337028218791e-18
3.431782999999999806e+00 1.497239647400953694e-15 1.756427210559110948e-18
3.443240999999999996e+00 1.485622663796988877e-15 1.668898008758872129e-18
3.454737999999999865e+00 1.486376175410094473e-15 1.557335409808632709e-18
3.466273000000000160e+00 1.454991845270902197e-15 1.522036296563803274e-18
3.477845999999999993e+00 1.511502233858712724e-15 1.635851752696243718e-18
3.489457999999999949e+00 1.457904751740352011e-15 1.551119656831867018e-18
3.501109000000000027e+00 1.422415151559108473e-15 1.418526432545750040e-18
3.512798999999999783e+00 1.496951063944016202e-15 1.506280283766051130e-18
3.524528000000000105e+00 1.460554247620241396e-15 1.544538530199858831e-18
3.536296000000000106e+00 1.477795348101632975e-15 1.774006484970489397e-18
3.548102999999999785e+00 1.432589140757464271e-15 1.500267892345494488e-18
3.559950000000000170e+00 1.493492655242514826e-15 1.655887952276487381e-18
3.571835999999999789e+00 1.470974276707417778e-15 1.480397121880019002e-18
3.583762000000000114e+00 1.467292708155581209e-15 1.563929548940884009e-18
3.595727999999999813e+00 1.505076754165790821e-15 1.623099257304042356e-18
3.607734000000000218e+00 1.453063775079497753e-15 1.612314368569331467e-18
3.619779999999999998e+00 1.466883676369658182e-15 1.693121288547459425e-18
3.631866000000000039e+00 1.492342689348706987e-15 1.545503462873122392e-18
3.643991999999999898e+00 1.472922259851025657e-15 1.535234728232215619e-18
3.656159000000000159e+00 1.481682464763761006e-15 1.390471987760200625e-18
3.668366999999999933e+00 1.462435765531718212e-15 1.358954706336123449e-18
3.680614999999999970e+00 1.459025879412760028e-15 1.637614364880088602e-18
3.692903999999999964e+00 1.481558445928021533e-15 2.022425322354115497e-18
3.705233999999999916e+00 1.436185905640368411e-15 1.834292996302071107e-18
3.717605999999999966e+00 1.458074009015418083e-15 2.234247120244400115e-18
3.730017999999999834e+00 1.479242545301967560e-15 1.896188550423498142e-18
3.742472999999999939e+00 1.453060078484666806e-15 2.461507660279537448e-18
3.754967999999999861e+00 1.458310589985030297e-15 2.423890930617951614e-18
3.767506000000000022e+00 1.462686958546042641e-15 2.090970916726469838e-18
3.780085000000000139e+00 1.452401904590472274e-15 2.014136059293983916e-18
3.792705999999999911e+00 1.445190081197947118e-15 1.896547559076088166e-18
3.805369999999999919e+00 1.462438505584290565e-15 1.407783385896542195e-18
3.818076000000000025e+00 1.430613617331000680e-15 1.624645666199224584e-18
3.830823999999999785e+00 1.431506131494023639e-15 1.777278783000543187e-18
3.843614000000000086e+00 1.450100506107977766e-15 1.988690712136775378e-18
3.856447999999999876e+00 1.438227362682705692e-15 1.955318357630521618e-18
3.869324000000000208e+00 1.455803772705854654e-15 2.062470442604886175e-18
3.882242999999999888e+00 1.431550834594996255e-15 2.028875713890366169e-18
3.895205999999999946e+00 1.406429041400754310e-15 1.837565339284491905e-18
3.908211000000000102e+00 1.419361719221989028e-15 2.217906026026201174e-18
3.921260000000000190e+00 1.380314801348824415e-15 1.871719036802744560e-18
3.934353000000000211e+00 1.363512278585056015e-15 1.336359012845783687e-18
3.947490000000000165e+00 1.367938431288518091e-15 1.423673317797425552e-18
3.960669999999999913e+00 1.334215270378789390e-15 1.509768905376061778e-18
3.973894000000000037e+00 1.323774586278329942e-15 1.328881287224951762e-18
3.987162000000000095e+00 1.299062994748327836e-15 1.376625468036464233e-18
4.000474999999999781e+00 1.283856059924391469e-15 1.273815397380334707e-18
4.013831999999999844e+00 1.226758418620912703e-15 1.321175980979959714e-18
4.027233999999999980e+00 1.195131811758720054e-15 1.552695375336124438e-18
4.040681000000000189e+00 1.207902413857695413e-15 1.560739772253194089e-18
4.054172000000000331e+00 1.159311787646943065e-15 1.550369760069071424e-18
4.067707999999999657e+00 1.147767892815553727e-15 1.286410311136962775e-18
4.081290000000000084e+00 1.136127792497164427e-15 3.030873984261742235e-17
4.094916999999999696e+00 1.118584729873316888e-15 6.915394519627256633e-17
4.108590000000000408e+00 1.083606768235836891e-15 1.296456512025175938e-18
4.122308000000000305e+00 1.061817163027105501e-15 1.340767335516382293e-18
4.136072000000000415e+00 1.035520050317622718e-15 1.033942849360970185e-18
4.149881999999999849e+00 1.036960529705220326e-15 1.201152910113822548e-18
4.163738000000000383e+00 1.004028189149205228e-15 1.227756560738410668e-18
4.177640000000000242e+00 9.772250951846948216e-16 1.202421456546469436e-18
4.191588999999999565e+00 9.516208820591538675e-16 1.040862001176410057e-18
4.205583999999999989e+00 9.554001293048718237e-16 1.016996199096837220e-18
4.219625999999999877e+00 8.965532390484248505e-16 1.296473095829490681e-18
4.233715000000000117e+00 8.844243636057335963e-16 1.053702507747143872e-18
4.247850999999999821e+00 8.580291170805937402e-16 1.113158369692506350e-18
4.262033999999999878e+00 8.330184231555381497e-16 1.072754239907872655e-18
4.276264000000000287e+00 8.404514805563891277e-16 1.016443807558687695e-18
4.290542000000000300e+00 8.364467810664603691e-16 1.091116668577019111e-18
4.304867999999999917e+00 8.077394391013488742e-16 9.544496786961923243e-19
4.319240999999999886e+00 7.727402117378243571e-16 1.092734718285026122e-18
4.333662999999999599e+00 7.546277674491039812e-16 1.069510945109150190e-18
4.348132999999999804e+00 7.022968875648827853e-16 1.030690848763092439e-18
4.362650000000000361e+00 6.884949584801150709e-16 1.039594309304222998e-18
4.377216999999999913e+00 6.505298844629940449e-16 1.173507344013963704e-18
4.391831999999999958e+00 6.201421867952633753e-16 1.072453216593728391e-18
4.406495999999999746e+00 5.911022247279306246e-16 9.881296168887961491e-19
4.421209000000000167e+00 5.712548641253243159e-16 9.815639193497667881e-19
4.435971000000000330e+00 5.353589450474280716e-16 1.066452081767785158e-18
4.450782000000000238e+00 5.279426940496564707e-16 1.074499964957019168e-18
4.465641999999999889e+00 5.134155724929141328e-16 8.869617819478195046e-19
4.480552999999999564e+00 4.866482575715535767e-16 9.109348137923397780e-19
4.495512999999999870e+00 4.743807595954934176e-16 1.008721087353999491e-18
4.510523000000000060e+00 4.709929801564196231e-16 1.002018666916013363e-18
4.525583000000000133e+00 4.481904898587425255e-16 8.782595575141105547e-19
4.540694000000000230e+00 4.401377842876513484e-16 1.017827713912639241e-18
4.555854000000000070e+00 4.471219030330144881e-16 8.521834952496397158e-19
4.571066000000000074e+00 4.287557070151191240e-16 1.061738189576642669e-18
4.586327999999999960e+00 4.332754327787900959e-16 1.054683619264160158e-18
4.601640999999999870e+00 4.491414909825025573e-16 9.627292077547020754e-19
4.617005999999999943e+00 4.393783494942439717e-16 9.141409870407097867e-19
4.632422000000000040e+00 4.373529426018244496e-16 9.779181620816365790e-19
4.647889000000000159e+00 4.449799589707463478e-16 1.082439943855238296e-18
4.663408000000000442e+00 4.624943170247308871e-16 9.649657881290957644e-19
4.678977999999999859e+00 4.957643031483714912e-16 1.013328870649085435e-18
4.694600999999999580e+00 4.629523826197069049e-16 9.929930049726334245e-19
4.710276000000000352e+00 4.593898141156956914e-16 9.323459372311017109e-19
4.726003000000000398e+00 4.645922482991337591e-16 1.020108365953085855e-18
4.741781999999999719e+00 4.306521422724993834e-16 8.933308626352969538e-19
4.757615000000000371e+00 4.241615054788732289e-16 8.741501752257808474e-19
4.773500000000000298e+00 4.363418320570201105e-16 9.867522208435551760e-19
4.789437999999999640e+00 4.100616624003722396e-16 9.279187286596900941e-19
4.805429000000000173e+00 4.164377747674267704e-16 9.347357852434681570e-19
4.821474000000000260e+00 4.400176194531397134e-16 9.156286922969791181e-19
4.837572999999999901e+00 4.168660569910032558e-16 8.326816540492057216e-19
4.853724999999999845e+00 4.307410005246019106e-16 1.158008539328747686e-18
4.869931000000000232e+00 4.072997110550981917e-16 9.607019658045204637e-19
4.886191000000000173e+00 4.165726524686162026e-16 9.040913633079237474e-19
4.902504999999999669e+00 4.057470069527574108e-16 1.060238420824015066e-18
4.918873999999999747e+00 4.336431932247762602e-16 7.062592723530558253e-19
4.935298000000000407e+00 4.151919332853990828e-16 7.631073389172247346e-19
4.951775999999999733e+00 4.223855591222485787e-16 7.335842054978702258e-19
4.968309999999999782e+00 4.115388321947964614e-16 7.408549140883159464e-19
4.984899000000000413e+00 4.323058830316055935e-16 7.118032846500356889e-19
5.001542999999999850e+00 4.408424927315097959e-16 7.550109295116247753e-19
5.018241999999999869e+00 4.158659710766581468e-16 6.904710824276805994e-19
5.034997999999999863e+00 4.148410099131809444e-16 7.095342244809252764e-19
5.051809000000000438e+00 4.386916034891430674e-16 6.930728238280743549e-19
5.068675999999999959e+00 4.197903425860962310e-16 7.118057233565495867e-19
5.085600000000000342e+00 4.347474620430276465e-16 6.838932506942522920e-19
5.102579999999999671e+00 4.567990092430540683e-16 7.369211683695165372e-19
5.119616999999999862e+00 4.206740036339600983e-16 7.777762377201469861e-19
5.136711000000000027e+00 4.427158991328321485e-16 8.294176988758307237e-19
5.153862000000000165e+00 4.293794986375108303e-16 8.126202266297125208e-19
5.171070000000000277e+00 4.431193957960631565e-16 9.417576471730923500e-19
5.188335999999999615e+00 4.322678315056301468e-16 8.575416866577399210e-19
5.205658999999999814e+00 4.518423204503588549e-16 1.028850373427107968e-18
5.223040000000000127e+00 4.482576443896731490e-16 1.109929445534616054e-18
5.240479999999999805e+00 4.624177738756933837e-16 1.037055914027168830e-18
5.257977000000000345e+00 4.429385750923319932e-16 1.149447669591088628e-18
5.275533000000000250e+00 4.543865606950069697e-16 1.131038306260240497e-18
5.293147000000000268e+00 4.208397353104911157e-16 9.844204334748328741e-19
5.310820999999999792e+00 4.438933759126692564e-16 1.169203375087247127e-18
5.328553000000000317e+00 4.492218365827962525e-16 9.713817742118473052e-19
5.346344000000000207e+00 4.488171974287427621e-16 9.229742328876743664e-19
5.364194999999999602e+00 4.181422340503305569e-16 9.272601492619580214e-19
5.382106000000000279e+00 4.111515951279401181e-16 9.935447713716677495e-19
5.400076000000000320e+00 4.288165720342533269e-16 9.355399787853815680e-19
5.418105999999999867e+00 3.996194840794466230e-16 1.072296793548385952e-18
5.436196999999999946e+00 3.780040833785556559e-16 1.207194619774787338e-18
5.454348000000000418e+00 4.151256065456138456e-16 9.472461952976744774e-19
5.472559000000000395e+00 3.942590532181876889e-16 1.041053712859684055e-18
5.490831000000000017e+00 3.992363704383605562e-16 9.744748269728352152e-19
5.509165000000000312e+00 4.127530931980429355e-16 1.027264979361917929e-18
5.527559000000000111e+00 3.728627123768593186e-16 9.026964958467160842e-19
5.546014999999999695e+00 3.923738273976310043e-16 1.023405913921833635e-18
5.564532999999999952e+00 3.577677647109057513e-16 9.875598614557370328e-19
5.583111999999999853e+00 3.645658470340754621e-16 9.809981638124757385e-19
5.601753000000000426e+00 3.805249157779684333e-16 9.267114444002745260e-19
5.620457000000000036e+00 3.686390933658382742e-16 9.964757698335140581e-19
5.639223000000000319e+00 3.744007689954385787e-16 9.898547335898538758e-19
5.658051999999999637e+00 3.559090226549345768e-16 6.461538326367016009e-19
5.676943999999999768e+00 3.618046068838923763e-16 5.953487643484628421e-19
5.695897999999999683e+00 3.406886413121956853e-16 6.283551929596491076e-19
5.714915999999999663e+00 3.484209990370886871e-16 5.966427350600864819e-19
5.733997999999999706e+00 3.274045799894660632e-16 5.653238632953712522e-19
5.753142999999999674e+00 3.470850161824109849e-16 6.793156631962636938e-19
5.772351999999999705e+00 3.435191984044689199e-16 6.658046276042614492e-19
5.791624999999999801e+00 3.386984478613826976e-16 6.971310674790966554e-19
5.810963000000000100e+00 3.423341656973910759e-16 7.546462326377303493e-19
5.830364999999999576e+00 3.214333998892711032e-16 6.878976374286813433e-19
5.849832000000000143e+00 3.085834197809178971e-16 5.957208876079495358e-19
5.869364000000000026e+00 3.353727618684715451e-16 6.613817505320419541e-19
5.888961000000000112e+00 3.037528665086807852e-16 7.002100912744932076e-19
5.908623999999999654e+00 3.127775920485890058e-16 6.612089443153237924e-19
5.928352000000000288e+00 3.332784749132176509e-16 6.909358979286588187e-19
5.948146000000000377e+00 3.091009839495155486e-16 5.931376648610458916e-19
5.968007000000000062e+00 3.172991033230561643e-16 6.060305976406622074e-19
5.987932999999999950e+00 3.181590831041618391e-16 7.357825952161842168e-19
6.007926000000000322e+00 3.291015049669246778e-16 6.146151667563199885e-19
6.027986000000000288e+00 3.216510040367915428e-16 6.682842899240781618e-19
6.048112999999999850e+00 3.048436469046341748e-16 5.982790145187195407e-19
6.068306999999999896e+00 2.953852491362312505e-16 6.512917876387978196e-19
6.088568000000000424e+00 3.182902993758729598e-16 6.227032128650392773e-19
6.108896999999999800e+00 3.143759669472122572e-16 6.265990039833023046e-19
6.129293999999999798e+00 3.119918364468041134e-16 5.665759620360410106e-19
6.149759000000000420e+00 3.326928585994476873e-16 6.262267293151385998e-19
6.170293000000000028e+00 3.008750435270076837e-16 6.535626436205609069e-19
6.190895000000000259e+00 3.026225810219141355e-16 6.257542578446879961e-19
6.211565000000000225e+00 3.124921444276293818e-16 7.148360755716818872e-19
6.232305000000000206e+00 3.114808982400304358e-16 5.943113580256304109e-19
6.253114000000000061e+00 3.007628398690826278e-16 5.596942824116199703e-19
6.273992999999999931e+00 3.006379352546266664e-16 5.864397075190316173e-19
6.294940999999999676e+00 3.078097482532593290e-16 6.203706276549001868e-19
6.315959000000000323e+00 3.078988470290798627e-16 6.463095153649224026e-19
6.337047000000000097e+00 3.059575604740523939e-16 6.793416455967881832e-19
6.358206000000000024e+00 2.877880625601237164e-16 7.415689099158000142e-19
6.379434999999999967e+00 2.971391416755867007e-16 5.377484032604762516e-19
6.400736000000000203e+00 2.852495645541918551e-16 5.707625579812980937e-19
6.422106999999999566e+00 2.429612674823790426e-16 6.614652308420791220e-19
6.443550000000000111e+00 2.673192128847188520e-16 5.704234730131486960e-19
6.465063999999999922e+00 2.501148327837527284e-16 5.738059310802735183e-19
6.486650000000000027e+00 2.083610548685523341e-16 5.343687291458564251e-19
6.508308000000000426e+00 2.214856463273943011e-16 5.945163383236760683e-19
6.530039000000000371e+00 2.146004348660580959e-16 5.272910698124216664e-19
6.551841999999999722e+00 2.192085631715213745e-16 3.561755040699500294e-19
6.573718000000000394e+00 2.034956104871107917e-16 3.399340304049510180e-19
6.595666999999999724e+00 1.978915296903593917e-16 3.583493363942989282e-19
6.617689000000000377e+00 1.908400886545063113e-16 3.354316788891172872e-19
6.639784999999999826e+00 1.700354707165885014e-16 3.196027643943075493e-19
6.661954999999999849e+00 1.975598275663428383e-16 3.715181220688909316e-19
6.684198000000000306e+00 1.985889636049492391e-16 3.958896084839844878e-19
6.706515999999999700e+00 2.011020407184665882e-16 3.532666520194468019e-19
6.728907999999999667e+00 1.891256990572778531e-16 4.038883784656893333e-19
6.751375000000000348e+00 1.993790336691035457e-16 3.683191226980866908e-19
6.773916999999999966e+00 1.971461225041289885e-16 3.920055459899831682e-19
6.796535000000000437e+00 1.876003247465321104e-16 3.634407453748633199e-19
6.819227999999999845e+00 1.823051639269012753e-16 4.061540889523580225e-19
6.841995999999999967e+00 1.764701468575058106e-16 3.650311500536302263e-19
6.864841000000000193e+00 1.853360288491878896e-16 3.562441688595635042e-19
6.887762000000000384e+00 1.767679332005493700e-16 4.044309771863997572e-19
6.910759999999999792e+00 1.947703586591628315e-16 4.080209266741517720e-19
6.933834000000000053e+00 1.939625969526943446e-16 4.053098695404465612e-19
6.956985000000000419e+00 1.861452459933998380e-16 3.964227253952346004e-19
6.980214000000000141e+00 1.809458877922672094e-16 3.814827612595404458e-19
7.003519999999999968e+00 1.929089921233588754e-16 3.728359584159714619e-19
7.026904000000000039e+00 1.731639209063802474e-16 3.885730142003553885e-19
7.050366000000000355e+00 1.762833660948385909e-16 3.618667065479597984e-19
7.073907000000000167e+00 1.715114109480046371e-16 3.954084505577862968e-19
7.097526000000000224e+00 1.699671224191746717e-16 3.868299354778134322e-19
7.121222999999999637e+00 1.694112531255058293e-16 3.428779244610160852e-19
7.144999999999999574e+00 1.724373944834995821e-16 4.110685742352871881e-19
7.168857000000000035e+00 1.746633051691491170e-16 4.258373280792160038e-19
7.192792999999999992e+00 1.730449832551864179e-16 3.940347206025073143e-19
7.216808999999999585e+00 1.634164126778399209e-16 3.971726831550176798e-19
7.240904999999999703e+00 1.651323618645197629e-16 3.602264126545964260e-19
7.265081999999999596e+00 1.599740049586068737e-16 4.089518323103034070e-19
7.289339000000000013e+00 1.635207079903722222e-16 3.554552689046115112e-19
7.313677000000000206e+00 1.596038581756251886e-16 4.147447239876484086e-19
7.338097000000000314e+00 1.596234330915673269e-16 3.451798978646428066e-19
7.362598000000000198e+00 1.529881533998564788e-16 3.981906172428755144e-19
7.387180999999999997e+00 1.562511975691573462e-16 4.175195490913424214e-19
7.411845999999999712e+00 1.593386131470510486e-16 3.547164139515828241e-19
7.436593000000000231e+00 1.521651115125385133e-16 3.903059504418515653e-19
7.461422999999999917e+00 1.510140442147990385e-16 3.661729784127205664e-19
7.486335999999999657e+00 1.364024757942887177e-16 3.958346356383280292e-19
7.511332000000000342e+00 1.508470708293844787e-16 3.825773750296129640e-19
7.536412000000000333e+00 1.521513536105630370e-16 2.955830084712249210e-19
7.561575000000000379e+00 1.439729461545621656e-16 2.726462434916505801e-19
7.586821999999999733e+00 1.439277931593208794e-16 2.708346690412060192e-19
7.612154000000000309e+00 1.312942936127558784e-16 2.949038395368674487e-19
7.637570000000000192e+00 1.382902986722443672e-16 2.672474926028209879e-19
7.663071000000000410e+00 1.397147301591504370e-16 3.982076571203907161e-19
7.688657000000000075e+00 1.402976522501603908e-16 3.955617883792701143e-19
7.714329000000000214e+00 1.356023382628220836e-16 3.979710499577584701e-19
7.740085999999999800e+00 1.319941032954072201e-16 3.953267680303737695e-19
7.765930000000000000e+00 1.239490299535621001e-16 4.175543820372655165e-19
7.791858999999999646e+00 1.315494556750967224e-16 4.049042965863868844e-19
7.817874999999999908e+00 1.242497699785760066e-16 4.169290769483621097e-19
7.843979000000000035e+00 1.321507310487279373e-16 4.239036059744609059e-19
7.870168999999999748e+00 1.223039945774660877e-16 3.775262803056058943e-19
7.896446000000000076e+00 1.159141781420894204e-16 3.894416371275972513e-19
7.922812000000000410e+00 1.171355511807685844e-16 3.964058855094101749e-19
7.949264999999999581e+00 1.223207686435824108e-16 3.463296013257384446e-19
7.975806999999999647e+00 1.164229793460292632e-16 3.911555734180873355e-19
8.002437000000000467e+00 1.173721755318429472e-16 3.932379843919434876e-19
8.029156999999999655e+00 1.152576408582020788e-16 3.999256451000758566e-19
8.055965000000000487e+00 1.109210306273986525e-16 4.249847916758569588e-19
8.082862999999999687e+00 1.117120563455211647e-16 3.946287469999926270e-19
8.109851000000000809e+00 1.110791788687579777e-16 4.193559217007563798e-19
8.136929000000000300e+00 1.086567226235213177e-16 3.622343547060759289e-19
8.164096999999999937e+00 1.050561428449152358e-16 3.733210539079490235e-19
8.191356000000000748e+00 1.041749132852071137e-16 2.859493245090605336e-19
8.218705999999999179e+00 9.884917081144092251e-17 3.728147606034947772e-19
8.246147999999999811e+00 1.002248014474698217e-16 3.747463213405593794e-19
8.273680999999999841e+00 9.902894110609050587e-17 3.591178653236963756e-19
8.301306000000000296e+00 9.849275363079688888e-17 4.002355712912241118e-19
8.329022999999999399e+00 9.288158521002079617e-17 3.975762266469042378e-19
8.356832999999999956e+00 9.309293213526695778e-17 4.163983407323109689e-19
8.384734999999999161e+00 9.133157238864320876e-17 3.581964740239998676e-19
8.412731000000000847e+00 9.396094998819431829e-17 3.642882381653913778e-19
8.440820000000000434e+00 9.103077709898995944e-17 3.113745726784347267e-19
8.469003000000000725e+00 9.032978839274252865e-17 3.761825438594617007e-19
8.497279999999999944e+00 8.678995536336604389e-17 3.612269108076756689e-19
8.525651999999999120e+00 8.396957247463406891e-17 3.588267009820308056e-19
8.554118000000000777e+00 8.446048449629437258e-17 3.892188225635684600e-19
8.582679000000000613e+00 8.138821568571257480e-17 3.459345101152900350e-19
8.611335999999999657e+00 8.206025856911043404e-17 3.395931480838149724e-19
8.640088000000000434e+00 7.766777092441702035e-17 3.574163191454558447e-19
8.668936999999999671e+00 7.908647253801608302e-17 3.749875620970245653e-19
8.697881000000000640e+00 7.857288325761051222e-17 2.258752443859088533e-19
8.726922999999999320e+00 7.796419328031484047e-17 2.046924189930511893e-19
8.756061000000000760e+00 7.650379838318754751e-17 2.228835424401579879e-19
8.785296000000000660e+00 7.683059437151336993e-17 2.330553924312842683e-19
8.814629000000000048e+00 7.565258564421179230e-17 2.392237624287820568e-19
8.844060999999999950e+00 7.806666567479438024e-17 2.414670040019661035e-19
8.873590000000000089e+00 7.651236179473710418e-17 2.665139990859672646e-19
8.903218000000000742e+00 7.596993723954594020e-17 2.760892825452707530e-19
8.932945000000000135e+00 7.464614646173429141e-17 2.592271430801583055e-19
8.962771000000000043e+00 7.392251425521257302e-17 2.612366719439055251e-19
8.992696999999999719e+00 7.229323583713706920e-17 2.669151828251817253e-19
9.022721999999999909e+00 7.051664623468892220e-17 2.099038506124219990e-19
9.052847999999999118e+00 6.901286801168328644e-17 2.414316383319779921e-19
9.083074999999999122e+00 6.944457349651365166e-17 2.071236821360095581e-19
9.113402000000000669e+00 6.852112663151301207e-17 2.165762839325070317e-19
9.143831000000000486e+00 6.639852033301751963e-17 2.366509526935498518e-19
9.174360999999999322e+00 6.711848550679798970e-17 2.279549497152977775e-19
9.204992999999999981e+00 6.639654632764497545e-17 2.370547055287335314e-19
9.235727999999999938e+00 6.589913390362965462e-17 2.565672946647980777e-19
9.266564999999999941e+00 6.398097180676475578e-17 2.723188803300038203e-19
9.297504999999999242e+00 6.433616760774565560e-17 2.705094643633313935e-19
9.328547999999999618e+00 6.344705814911922518e-17 2.308167940484871737e-19
9.359695000000000320e+00 6.339849800791899400e-17 2.395495444539744351e-19
9.390947000000000600e+00 6.169906082024492861e-17 2.583541940682432258e-19
9.422302000000000177e+00 6.145794734080007098e-17 2.566375823022420650e-19
9.453761999999999333e+00 6.186134970040270703e-17 2.213886281437251069e-19
9.485326999999999842e+00 5.993754724785300320e-17 2.432422142035394952e-19
9.516997999999999180e+00 6.121742847535130279e-17 2.813453052395167017e-19
9.548773999999999873e+00 6.092575125803430112e-17 2.630361630136397515e-19
9.580655999999999395e+00 5.891074494965746698e-17 2.580223347021644379e-19
9.612645000000000550e+00 5.995333695878398850e-17 2.692855115308767595e-19
9.644740999999999786e+00 5.989659429053081435e-17 2.707190702396872590e-19
9.676942999999999628e+00 5.938336974656665079e-17 2.817260519541681651e-19
9.709253999999999607e+00 6.088734432873050920e-17 2.734937643513435415e-19
9.741671999999999443e+00 5.956034434155662413e-17 2.621994579584809509e-19
9.774198000000000164e+00 6.170327524062801565e-17 2.604572977151057647e-19
9.806832999999999245e+00 5.841300579155768575e-17 2.836642044416323502e-19
9.839577000000000240e+00 5.792269704070661310e-17 2.446216757305582237e-19
9.872429999999999595e+00 5.842369365935213762e-17 2.583758169624922714e-19
9.905393000000000114e+00 5.570723372752015334e-17 2.474926465516197658e-19
9.938466000000000022e+00 5.744349109793112562e-17 2.367426981738680597e-19
9.971650000000000347e+00 5.745676679582983691e-17 2.502446158395275665e-19
1.000494400000000006e+01 5.680844735492939276e-17 2.455869191851650348e-19
1.003834999999999944e+01 5.790660869093751068e-17 1.785037259276742273e-19
1.007186699999999924e+01 5.723222971785759910e-17 1.950494248362388564e-19
1.010549600000000048e+01 5.599180173619673836e-17 1.849464431070305837e-19
1.013923699999999961e+01 5.527274456723393474e-17 1.808014225582201205e-19
1.017309099999999944e+01 5.623800027224021783e-17 1.853936343578538441e-19
1.020705700000000071e+01 5.658947406444315626e-17 1.784067625340931314e-19
1.024113799999999941e+01 5.606767906451576467e-17 1.943717653014056510e-19
1.027533200000000058e+01 5.624598528744791985e-17 1.902408508384578166e-19
1.030963999999999992e+01 5.429275432475473746e-17 1.861562567111960407e-19
1.034406300000000023e+01 5.362100373577476793e-17 1.849193356965793172e-19
1.037860000000000049e+01 5.333430671486517137e-17 1.642083231319232098e-19
1.041325400000000023e+01 5.118562830900883591e-17 1.852348005133192225e-19
1.044802199999999992e+01 5.206490317136497347e-17 1.922430225759863267e-19
1.048290700000000086e+01 5.113241937627407231e-17 1.718690935658788050e-19
1.051790800000000026e+01 5.147558197289338663e-17 1.869868468612605168e-19
1.055302700000000016e+01 5.059515542886822690e-17 1.803604902226215273e-19
1.058826200000000028e+01 4.944606589625124046e-17 2.032286522154071823e-19
1.062361499999999914e+01 4.990112928223752059e-17 1.965657173898422447e-19
1.065908600000000028e+01 4.963289025481603984e-17 1.715118483021287705e-19
1.069467599999999941e+01 4.848793528846729290e-17 1.939622255984961093e-19
1.073038400000000081e+01 4.790018417488927519e-17 1.926734592021420130e-19
1.076621199999999945e+01 4.767243222092737636e-17 1.836340433857337323e-19
1.080215899999999962e+01 4.689321748775656072e-17 1.798446868366732245e-19
1.083822600000000058e+01 4.735238409535815579e-17 1.786497190188138159e-19
1.087441399999999980e+01 4.685014547786844737e-17 2.104200256852316670e-19
1.091072199999999981e+01 4.569521182304806853e-17 1.788018759678376120e-19
1.094715200000000088e+01 4.519646320751271397e-17 2.051314541991500153e-19
1.098370399999999947e+01 4.324363829424932381e-17 1.987984750913656896e-19
1.102037699999999987e+01 4.266009323886642760e-17 1.777298179144996332e-19
1.105717300000000058e+01 4.188131989702805567e-17 2.231381797792478580e-19
1.109409199999999984e+01 4.367101079566844767e-17 2.046051038449522501e-19
1.113113399999999942e+01 4.340019583260387309e-17 2.032456068427677444e-19
1.116829899999999931e+01 4.327526776276679964e-17 2.115092231670912389e-19
1.120558899999999980e+01 4.310710100045504821e-17 2.053287558038844769e-19
1.124300299999999986e+01 4.271632440473009364e-17 1.897343818987512011e-19
1.128054200000000051e+01 4.233119299990873912e-17 2.285243611415376258e-19
1.131820699999999924e+01 4.233075233848195821e-17 2.176448456147071037e-19
1.135599700000000034e+01 4.121723935567612988e-17 2.185234348242276732e-19
1.139391400000000054e+01 4.257140372768000722e-17 2.101436256695894135e-19
1.143195700000000059e+01 4.189168959677591050e-17 2.248048176806504488e-19
1.147012699999999974e+01 4.056058892373979678e-17 2.255897923286652048e-19
1.150842399999999977e+01 4.030240592005497691e-17 2.195637952398390135e-19
1.154684999999999917e+01 3.908574414841299202e-17 1.933713396285748903e-19
1.158540400000000048e+01 3.856024321570472205e-17 2.278234944394046914e-19
1.162408600000000014e+01 3.751638623061388608e-17 1.153735929973340740e-19
1.166289800000000021e+01 3.622462352514835016e-17 1.256268885941503971e-19
1.170183899999999966e+01 3.638238962073226146e-17 1.663895541687117400e-19
1.174090999999999951e+01 3.367008773890788407e-17 1.435360929316574636e-19
1.178011200000000080e+01 3.264055878872472883e-17 1.425823601863678851e-19
1.181944400000000073e+01 3.518127211749214892e-17 1.373430166841221052e-19
1.185890799999999956e+01 3.361304945368627313e-17 1.449573416318281813e-19
1.189850400000000086e+01 3.410967661422153351e-17 1.376414812468586629e-19
1.193823100000000004e+01 3.163861458706961065e-17 1.367269429000415029e-19
1.197809200000000018e+01 3.303522613191589755e-17 1.588031110705634675e-19
1.201808499999999924e+01 3.248362604390608271e-17 1.577479603410135535e-19
1.205821300000000029e+01 3.195232270558979951e-17 1.731944961779404194e-19
1.209847399999999951e+01 3.114605583773081967e-17 1.822844064942489298e-19
1.213886899999999969e+01 3.145791412834346814e-17 1.668315197596794973e-19
1.217939999999999934e+01 3.102859886664954780e-17 1.354078111161023657e-19
1.222006499999999996e+01 3.043697718201930581e-17 1.445460297543295414e-19
1.226086699999999929e+01 2.964045170938249685e-17 1.515625600425936838e-19
1.230180499999999988e+01 2.897599026945313531e-17 1.545174841742903060e-19
1.234287899999999993e+01 2.963356443455213843e-17 1.397159887677270886e-19
1.238409099999999974e+01 2.929201049027281165e-17 1.544256809296998412e-19
1.242544000000000004e+01 2.697308749149952080e-17 1.572831392132647940e-19
1.246692700000000009e+01 2.684787423800101205e-17 1.465937525747594902e-19
1.250855299999999914e+01 2.752212438475008462e-17 1.398715594602308755e-19
1.255031699999999972e+01 2.605261421025388185e-17 1.370388824618848371e-19
1.259222199999999958e+01 2.607424356646430368e-17 1.342376399984747851e-19
1.263426600000000022e+01 2.604748632103610989e-17 1.371019180500134082e-19
1.267645000000000088e+01 2.560949656168071847e-17 1.212659194659609610e-19
1.271877500000000083e+01 2.645120123917222430e-17 1.408457433039367219e-19
1.276124199999999931e+01 2.529423484857497729e-17 1.343871283803473984e-19
1.280385000000000062e+01 2.526514948792596866e-17 1.426376418687192718e-19
1.284660099999999971e+01 2.472125108871532397e-17 1.398733436572180233e-19
1.288949500000000015e+01 2.544839540877912552e-17 1.443573447282372388e-19
1.293253100000000089e+01 2.413570585826778043e-17 1.649079048615399767e-19
1.297571199999999969e+01 2.487452027020209238e-17 1.442259228265117602e-19
1.301903599999999983e+01 2.381072577484004671e-17 1.574175155222674267e-19
1.306250499999999981e+01 2.145980044823167270e-17 1.335307707602429142e-19
1.310612000000000066e+01 2.377285906826749353e-17 1.500966067007565176e-19
1.314987999999999957e+01 2.245331281869003260e-17 1.525667151605839927e-19
1.319378599999999935e+01 2.312560824057681676e-17 1.498307951243806226e-19
1.323783799999999999e+01 2.272731532916036132e-17 1.642320114113206165e-19
1.328203800000000001e+01 2.175889976479582309e-17 1.733370646680079850e-19
1.332638500000000015e+01 2.053056920259123527e-17 1.637448785274913908e-19
1.337088100000000068e+01 2.132984831308796632e-17 1.224118653188224552e-19
1.341552500000000059e+01 2.222420801850141203e-17 1.166013012513190560e-19
1.346031799999999912e+01 1.905181201306141587e-17 1.141718802241825421e-19
1.350525999999999982e+01 1.983746123732308867e-17 1.117696051154171658e-19
1.355035299999999943e+01 1.967789358385951184e-17 1.240889406217493191e-19
1.359559600000000046e+01 1.944496480765061673e-17 1.183987347533985046e-19
1.364099000000000039e+01 1.924648529600081658e-17 1.385566495442884789e-19
1.368653600000000026e+01 1.938747202175483710e-17 1.440376821824282033e-19
1.373223400000000005e+01 1.837950088808529659e-17 1.367214839871408885e-19
1.377808399999999978e+01 1.830159790551263427e-17 1.342338270746892917e-19
1.382408799999999971e+01 1.908357942377345761e-17 1.254982617264181397e-19
1.387024500000000060e+01 1.675956927117220525e-17 1.324559170664470155e-19
1.391655599999999993e+01 1.794075005656743041e-17 1.176442626660159312e-19
1.396302200000000049e+01 1.829206828123702485e-17 1.122495783902406451e-19
1.400964300000000051e+01 1.684317420283028607e-17 1.435801555333315538e-19
1.405641999999999925e+01 1.733666160320502430e-17 1.244185411747603707e-19
1.410335300000000025e+01 1.763595288121108216e-17 1.250990589813280745e-19
1.415044299999999922e+01 1.630004687280147120e-17 1.347482519107313552e-19
1.419768900000000045e+01 1.563104817151827099e-17 1.234421501651776037e-19
1.424509399999999992e+01 1.539570071545036185e-17 1.255766779400519203e-19
1.429265700000000017e+01 1.748299775215525510e-17 1.218071697665479781e-19
1.434037799999999940e+01 1.569181552255610565e-17 1.282868604593958758e-19
1.438825899999999969e+01 1.560058445981035555e-17 1.303306972415234386e-19
1.443629999999999924e+01 1.530848314804469915e-17 1.222722296169704688e-19
1.448450200000000088e+01 1.552970466120130085e-17 1.071703946991256681e-19
1.453286400000000000e+01 1.485874050171329381e-17 1.135555254238692630e-19
1.458138699999999943e+01 1.588238324968350387e-17 1.128010173983203378e-19
1.463007299999999944e+01 1.465353588964483127e-17 1.260579459059486430e-19
1.467892100000000077e+01 1.446712552563609790e-17 1.126983234830278646e-19
1.472793300000000016e+01 1.470131768680681106e-17 1.078032132716866611e-19
1.477710800000000013e+01 1.575825153661313170e-17 1.221889167763171913e-19
1.482644699999999993e+01 1.445068631035321088e-17 1.254683975606356374e-19
1.487595100000000059e+01 1.415281465865135473e-17 1.300536237417947780e-19
1.492562000000000033e+01 1.317867343829721558e-17 1.291894873967663017e-19
1.497545500000000018e+01 1.429955906075812908e-17 1.189736146964077095e-19
1.502545699999999940e+01 1.360433399947656273e-17 1.088877879899539543e-19
1.507562500000000050e+01 1.274755728202526092e-17 1.187169034956822754e-19
1.512596100000000021e+01 1.372420889822796066e-17 1.153074644876895697e-19
1.517646500000000032e+01 1.255138410581547936e-17 1.288589677979604385e-19
1.522713700000000081e+01 1.305240424792558376e-17 1.344675623362318516e-19
1.527797900000000020e+01 1.325722845063811487e-17 1.361428226862662379e-19
1.532899100000000026e+01 1.334775664838953531e-17 1.416173760247790400e-19
1.538017299999999921e+01 1.198030624337491476e-17 1.280028488925067668e-19
1.543152500000000060e+01 1.223809873063499303e-17 9.567899429361789109e-20
1.548305000000000042e+01 1.192417573078978170e-17 8.003641811961679682e-20
1.553474600000000017e+01 1.166481839205002189e-17 7.577784045953688946e-20
1.558661500000000011e+01 1.095673461311689502e-17 7.897635040426639900e-20
1.563865700000000025e+01 1.172851319232653071e-17 9.193546085122176011e-20
1.569087299999999985e+01 1.128893752076710948e-17 8.888927181706383458e-20
1.574326300000000067e+01 1.058979010027889119e-17 9.071779069342282859e-20
1.579582800000000020e+01 1.010009122615298668e-17 9.131655165210885372e-20
1.584856800000000021e+01 1.084340251548092529e-17 9.667755682487122090e-20
1.590148499999999920e+01 1.073459899169973226e-17 1.043345163761405296e-19
1.595457900000000073e+01 1.075984700918849824e-17 1.024635168344351394e-19
1.600784900000000022e+01 9.575763880217007599e-18 1.064623717898286565e-19
1.606129800000000074e+01 9.825915721226081869e-18 1.173764030566332860e-19
1.611492499999999950e+01 9.937253847245978495e-18 9.581692255127975438e-20
1.616873100000000107e+01 9.651049837514480553e-18 8.944651703019599509e-20
1.622271599999999836e+01 9.910437450625844829e-18 1.025217667306121987e-19
1.627688200000000052e+01 8.886154712649596151e-18 1.165508640523250256e-19
1.633122900000000044e+01 8.969863972385909551e-18 1.169004828481371696e-19
1.638575700000000168e+01 9.812456199460517695e-18 1.016082742547686687e-19
1.644046799999999919e+01 9.220407835519273221e-18 1.075880620769120217e-19
1.649536099999999905e+01 8.725039402179293476e-18 9.916069531457714768e-20
1.655043699999999873e+01 9.056695670300890360e-18 1.094464733571104405e-19
1.660569699999999926e+01 8.480102218195064347e-18 1.076320666155527446e-19
1.666114200000000167e+01 8.118124764412060237e-18 1.058369332063831045e-19
1.671677100000000138e+01 8.686404630918670562e-18 1.180072260591643401e-19
1.677258700000000147e+01 8.075607400613569087e-18 9.377849713037662065e-20
1.682858900000000091e+01 9.282722445715331550e-18 1.196199836202340413e-19
1.688477800000000073e+01 8.758361267780379751e-18 9.779416471408037102e-20
1.694115400000000093e+01 8.023289952014441402e-18 1.055008833685013037e-19
1.699771900000000002e+01 8.087230355146777659e-18 1.151761059047077671e-19
1.705447200000000052e+01 8.332406538754886955e-18 1.154415552128336711e-19
1.711141500000000093e+01 7.741553018326776793e-18 1.095551081815851227e-19
1.716854899999999873e+01 7.736899126247661202e-18 1.189979226726668405e-19
1.722587299999999999e+01 7.448066532437736872e-18 1.161866048874578944e-19
1.728338799999999864e+01 7.365459253620836194e-18 9.835331882475024076e-20
1.734109499999999926e+01 7.578714262102792549e-18 1.126538689315463583e-19
1.739899499999999932e+01 6.320176054993433357e-18 1.267600336946348151e-19
1.745708899999999986e+01 6.705121202232156336e-18 1.278852341975029451e-19
1.751537599999999983e+01 7.028972332552500487e-18 1.026056019627432677e-19
1.757385800000000131e+01 6.834721480085551403e-18 1.223086076538530807e-19
1.763253500000000074e+01 6.851020641894447877e-18 1.186031722664345055e-19
1.769140900000000016e+01 6.519102386122210413e-18 1.321827988958073479e-19
1.775047800000000109e+01 6.275024092655992695e-18 1.493826812050024047e-19
1.780974499999999949e+01 6.565080857321512832e-18 1.190901508814441079e-19
1.786920999999999893e+01 7.254724251020362024e-18 1.098489371514666253e-19
1.792887299999999939e+01 7.247556840987872185e-18 1.436267859364473526e-19
