9.832229999999999581e-01 1.027718509114005043e-18 9.278299273118823853e-20
9.865059999999999940e-01 1.153699061037445765e-18 8.955689632220612578e-20
9.898000000000000131e-01 1.314801841605556685e-18 7.063377436832588328e-20
9.931039999999999868e-01 1.409921617514830460e-18 9.569746649465700694e-20
9.964199999999999724e-01 1.603531387250978151e-18 8.484302842585318276e-20
9.997470000000000523e-01 1.708373663620598899e-18 1.098169867346758492e-19
1.003085000000000004e+00 1.858044492958491101e-18 1.002036171387906154e-19
1.006434000000000051e+00 2.100988891719128493e-18 1.054966078859072525e-19
1.009794999999999998e+00 2.345466240926587995e-18 7.923342769978033222e-20
1.013166000000000011e+00 2.566381570786653245e-18 9.518945270922324175e-20
1.016548999999999925e+00 2.896942457166073137e-18 7.389597248391576214e-20
1.019943000000000044e+00 3.222010689095074784e-18 7.017313402965031687e-20
1.023349000000000064e+00 3.601780858245411993e-18 1.233217015481007763e-19
1.026766000000000068e+00 3.987230595613552055e-18 1.089438151261025873e-19
1.030194000000000054e+00 4.350822200683586586e-18 1.743749100719547072e-19
1.033633999999999942e+00 4.591823904504983469e-18 1.864603102575569986e-20
1.037085000000000035e+00 5.057815118437899749e-18 1.238387695148240270e-19
1.040548000000000028e+00 5.429903515103621523e-18 2.949979384022019456e-20
1.044022000000000006e+00 5.722704877410403125e-18 1.109870486045048967e-19
1.047508000000000106e+00 6.076829152902391290e-18 3.480477553923096483e-21
1.051004999999999967e+00 6.384958634526023804e-18 1.414776821685345271e-20
1.054513999999999951e+00 6.466535787536215249e-18 1.068168784884631508e-19
1.058035000000000059e+00 6.606297168231283311e-18 6.460623260152047470e-20
1.061568000000000067e+00 6.789026317162340712e-18 8.957215667431187413e-20
1.065112999999999976e+00 6.938011322551974908e-18 1.848122046977792813e-19
1.068669000000000091e+00 7.118216221750143489e-18 1.986224259707249464e-19
1.072237000000000107e+00 7.448531540622482556e-18 1.543103356188049532e-19
1.075817000000000023e+00 7.287473199816982034e-18 5.879125360686249755e-20
1.079409000000000063e+00 7.287040567808804851e-18 1.114532375584079094e-19
1.083013000000000003e+00 6.981122907483457794e-18 1.263312695363544200e-19
1.086629000000000067e+00 5.936696148044655362e-18 1.747028982389892639e-19
1.090257000000000032e+00 4.246335329671089955e-18 1.377344555265880867e-19
1.093898000000000037e+00 2.501616894868420516e-18 1.083244859304410840e-19
1.097550000000000026e+00 2.015879579690053597e-18 9.700154652065877565e-20
1.101215000000000055e+00 1.477932135631905748e-18 8.696037966052326613e-20
1.104891000000000068e+00 1.103509534824939628e-18 1.074008560883262252e-19
1.108581000000000039e+00 7.791783273930707147e-19 8.448796044510791903e-20
1.112281999999999993e+00 4.116553244831641344e-19 8.496075035284834072e-20
1.115995999999999988e+00 2.948100379156185751e-19 9.242879764195648439e-20
1.119722000000000106e+00 2.601416121128884285e-19 9.256252358708500869e-20
1.123461000000000043e+00 2.425337118588953702e-19 9.539162322186904647e-20
1.127212000000000103e+00 3.079987257954296692e-19 9.545402543806703703e-20
1.130975000000000064e+00 3.153590243651270316e-19 9.331087028314749931e-20
1.134751999999999983e+00 1.174071462547885709e-19 9.204820612510582426e-20
1.138540000000000108e+00 1.864908783858931570e-19 9.070663595315003704e-20
1.142341999999999969e+00 1.778035252665509552e-19 9.129833533017207889e-20
1.146155999999999953e+00 1.518515279179525838e-19 8.985852455019580728e-20
1.149982999999999977e+00 1.422083418296532757e-19 9.071738708812956270e-20
1.153823000000000043e+00 1.308904328976719314e-19 9.166760770596517543e-20
1.157675000000000010e+00 1.237357205996567691e-19 9.065067277636973336e-20
1.161540000000000017e+00 1.396501170989109708e-19 8.956127974634252714e-20
1.165418999999999983e+00 1.179789796060484042e-19 9.302007736297517325e-20
1.169310000000000072e+00 1.287030168932492873e-19 9.047350928109516569e-20
1.173213999999999979e+00 1.871954230968145544e-19 9.752957786868980762e-20
1.177130999999999927e+00 2.298838123003296292e-19 8.719127338169551082e-20
1.181062000000000056e+00 2.986762392962318364e-19 9.380171509103838948e-20
1.185005000000000086e+00 3.596208890798833950e-19 9.658971137649161714e-20
1.188962000000000074e+00 3.968553150320761308e-19 9.226090693779097972e-20
1.192930999999999964e+00 5.866548033585337818e-19 8.684442514454397737e-20
1.196914999999999951e+00 7.916669336990385443e-19 8.939188163443379568e-20
1.200911000000000062e+00 1.092001011998278102e-18 8.302218737610530037e-20
1.204920999999999909e+00 1.422712213585635708e-18 1.084055163405912148e-19
1.208944000000000019e+00 1.681470010928732300e-18 6.338809538467759835e-20
1.212979999999999947e+00 1.943813983787008385e-18 1.316804530155974531e-19
1.217030000000000056e+00 2.621604179667359392e-18 1.205308383320982401e-19
1.221093999999999902e+00 3.111539892313823960e-18 1.469648701340149525e-19
1.225171000000000010e+00 3.796543651272457266e-18 8.666370218755786328e-20
1.229262000000000077e+00 4.529997193944647212e-18 9.497681814659851178e-20
1.233365999999999962e+00 5.283308194261520170e-18 3.147804623236330639e-20
1.237484000000000028e+00 6.261491612547149416e-18 1.330267519444639856e-19
1.241616000000000053e+00 6.760961050314398498e-18 1.001876078622034291e-19
1.245762000000000036e+00 7.885968827777648994e-18 8.330151624835711774e-20
1.249921000000000060e+00 8.774914241311685308e-18 2.147570539991970629e-19
1.254094000000000042e+00 8.569841420965180885e-18 1.676985801393491736e-19
1.258281999999999901e+00 1.029375613261858820e-17 8.135298553042011002e-20
1.262483000000000022e+00 1.061722734298891149e-17 1.186840425931854039e-19
1.266698000000000102e+00 1.054883595256359803e-17 4.331292975492909471e-20
1.270928000000000058e+00 1.015519710383860029e-17 1.313081395427958655e-19
1.275171000000000054e+00 9.464527956154444696e-18 4.016776309134503082e-20
1.279428999999999927e+00 8.820572532903652812e-18 2.386083702332730532e-20
1.283700999999999981e+00 8.028022138037595222e-18 2.702321954085024612e-19
1.287986999999999993e+00 6.069729455436650034e-18 1.282818140378880359e-19
1.292286999999999964e+00 5.566062860766693051e-18 1.915513380736718371e-19
1.296602000000000032e+00 4.859535921761773415e-18 2.117251538361006473e-19
1.300931000000000060e+00 3.507810188561397195e-18 1.207339044747249113e-19
1.305274999999999963e+00 3.140106277301797602e-18 1.187712987308174490e-19
1.309633000000000047e+00 2.560084973765860485e-18 1.166010764465632461e-19
1.314006000000000007e+00 1.910059320820063078e-18 8.485173091613091519e-20
1.318392999999999926e+00 1.722889660002326471e-18 8.631388685526167552e-20
1.322794999999999943e+00 1.270675543574578804e-18 9.167471631430239025e-20
1.327212000000000058e+00 8.734360226128342609e-19 9.905663392230341020e-20
1.331642999999999910e+00 2.548973420485283642e-19 9.033891988533797006e-20
1.336089000000000082e+00 1.736390880973781745e-19 9.178058793945439864e-20
1.340549999999999908e+00 1.681276332978118836e-19 9.326018057488035072e-20
1.345026000000000055e+00 1.168850860497217504e-19 9.353304920158917435e-20
1.349517000000000078e+00 9.278622165739294246e-20 9.088896847244726739e-20
1.354022999999999977e+00 7.206880878131819970e-20 9.121727168219362967e-20
1.358543999999999974e+00 6.222950248093122034e-20 9.116423550367577724e-20
1.363080000000000069e+00 7.200587958361989974e-20 9.279490301769141395e-20
1.367631000000000041e+00 9.669796112065731465e-20 9.237830238567044034e-20
1.372198000000000029e+00 7.770435177573702313e-20 9.269245734800777118e-20
1.376778999999999975e+00 9.824249990383169927e-20 9.121324475946866916e-20
1.381375999999999937e+00 8.712834189039659932e-20 9.220195670635448260e-20
1.385988999999999916e+00 9.092692536974596371e-20 9.149675953062396728e-20
1.390616000000000074e+00 9.634384199862075066e-20 9.155482960357311539e-20
1.395259000000000027e+00 9.729253020835092231e-20 9.155506547930039335e-20
1.399917999999999996e+00 8.814083782259253526e-20 9.066717516541686670e-20
1.404592000000000063e+00 1.112766292441311450e-19 9.422084307197818589e-20
1.409281999999999924e+00 9.987070470897584326e-20 9.306485486819243692e-20
1.413987000000000105e+00 1.139555715471431424e-19 9.220131406428389968e-20
1.418708999999999998e+00 1.191879179732693663e-19 9.094139685294280768e-20
1.423445000000000071e+00 1.300144490866189282e-19 9.017376798141320082e-20
1.428198000000000079e+00 1.496815282898728781e-19 9.161939471727181222e-20
1.432967000000000102e+00 1.736712670045785320e-19 9.603742271623067231e-20
1.437751000000000001e+00 1.888162219763949151e-19 9.124133342890078773e-20
1.442552000000000056e+00 2.270161700511730892e-19 8.676765114901340410e-20
1.447367999999999988e+00 2.539494805869656137e-19 9.588114509709076606e-20
1.452201000000000075e+00 3.330789413234390478e-19 8.987062186505771449e-20
1.457049999999999956e+00 4.052955013176546826e-19 9.119980777939760385e-20
1.461915000000000076e+00 3.787098140395522197e-19 9.419101392239564597e-20
1.466795999999999989e+00 4.291683929978970178e-19 1.022581392982120779e-19
1.471692999999999918e+00 4.276162589084524201e-19 9.095856426383916112e-20
1.476607000000000003e+00 4.757366893656997596e-19 9.502558702185980699e-20
1.481537000000000104e+00 5.134763787690579779e-19 8.008369304167522154e-20
1.486483999999999916e+00 5.750524758710427431e-19 7.917362305432985298e-20
1.491446999999999967e+00 6.528516850985484200e-19 9.302368592098382969e-20
1.496426999999999952e+00 7.808838559837408740e-19 7.941755326692221665e-20
1.501422999999999952e+00 8.809334995386454897e-19 9.565629737961656897e-20
1.506437000000000026e+00 9.212658671224478670e-19 8.930877009299620775e-20
1.511465999999999976e+00 1.012174203000327427e-18 8.588966281737376163e-20
1.516513000000000000e+00 1.216636331848679958e-18 8.422598495093593293e-20
1.521576000000000040e+00 1.358171847119052216e-18 8.398608420108027397e-20
1.526656999999999931e+00 1.543724974520741131e-18 1.151189769862970180e-19
1.531754000000000060e+00 1.731504452206696341e-18 1.156364111850696986e-19
1.536869000000000041e+00 2.079111110353343733e-18 9.375892441662001258e-20
1.542000000000000037e+00 2.284997735314649854e-18 6.823550851954717239e-20
1.547149000000000107e+00 2.930727965761949837e-18 1.010940519240235788e-19
1.552313999999999972e+00 3.003351473679611917e-18 9.885987723327593711e-20
1.557496999999999909e+00 3.295869955839100001e-18 5.881304248073772884e-20
1.562697999999999920e+00 3.604030512592863947e-18 5.482785080301634606e-20
1.567914999999999948e+00 4.238122994271385461e-18 8.123118200131113239e-20
1.573150000000000048e+00 4.308674346602189192e-18 5.913719764557742623e-20
1.578403000000000000e+00 4.435060730196639113e-18 1.219083758985110126e-19
1.583673000000000108e+00 4.480190030275085360e-18 1.838118862015660729e-19
1.588961000000000068e+00 3.970976723153266969e-18 5.263239080725813409e-20
1.594265999999999961e+00 3.174716981238873851e-18 8.686304144895799610e-20
1.599588999999999928e+00 2.190258052319125217e-18 8.769045406629520371e-20
1.604929999999999968e+00 1.391770348697752706e-18 1.164395967677373574e-19
1.610289000000000081e+00 9.046787836446879039e-19 7.633267998675335442e-20
1.615664999999999907e+00 6.204631674031611495e-19 8.324736773432110846e-20
1.621059999999999945e+00 4.919718168707879914e-19 8.800779726083459970e-20
1.626473000000000058e+00 4.359116887008829003e-19 9.068455323927717211e-20
1.631903000000000103e+00 4.036870227576266840e-19 8.901771275242580810e-20
1.637351999999999919e+00 4.421257779632103844e-19 9.550713760644586764e-20
1.642819000000000029e+00 4.734072375260702457e-19 9.415290429403186542e-20
1.648303999999999991e+00 4.659836209751598885e-19 8.662618972289152297e-20
1.653807999999999945e+00 5.861006238615477469e-19 9.133950396994778726e-20
1.659329000000000054e+00 4.904745425776608521e-19 9.238275133884712388e-20
1.664870000000000072e+00 4.659167789789287764e-19 1.044415372001257464e-19
1.670428999999999942e+00 2.433118494647943819e-19 8.985139850593431047e-20
1.676006000000000107e+00 3.051083767911341772e-19 8.740748815386672859e-20
1.681602000000000041e+00 4.792129032657404735e-19 8.563876134165809898e-20
1.687216999999999967e+00 4.878151423060635190e-19 9.608576707158039375e-20
1.692849999999999966e+00 4.187712819366392337e-19 8.760282095314865778e-20
1.698501999999999956e+00 3.640395557242848397e-19 9.016349833871962575e-20
1.704172999999999938e+00 3.438155093548093060e-19 9.033882017565477629e-20
1.709862999999999911e+00 3.493084653081572579e-19 9.360456711298581512e-20
1.715573000000000015e+00 4.559898980545283769e-19 9.103713317887419091e-20
1.721300999999999970e+00 5.667359244250711656e-19 9.260961655530639797e-20
1.727047999999999917e+00 5.183864523961211855e-19 8.225350219318711274e-20
1.732814000000000076e+00 4.413921193336140527e-19 9.609911625179385594e-20
1.738599999999999923e+00 4.152466477200413124e-19 8.140707506345783111e-20
1.744404999999999983e+00 4.616306479500066510e-19 8.744301856875648090e-20
1.750229000000000035e+00 4.973145512710937411e-19 9.783589701685002767e-20
1.756072999999999995e+00 4.904570502933370646e-19 1.009658532402338420e-19
1.761937000000000086e+00 5.270269618041159810e-19 1.008464301093638073e-19
1.767819000000000029e+00 4.906877755045948339e-19 9.903467705756525690e-20
1.773722000000000021e+00 4.480072074078750348e-19 8.764233714544573554e-20
1.779644000000000004e+00 5.368733264088126434e-19 8.560756555876360319e-20
1.785585999999999895e+00 4.865979025477790773e-19 9.145495261251612447e-20
1.791547999999999918e+00 4.347544232947721270e-19 9.326185990375393337e-20
1.797530000000000072e+00 4.821183824881005617e-19 9.304463214427868813e-20
1.803531999999999913e+00 4.047301639131910986e-19 9.890095451071056847e-20
1.809554000000000107e+00 4.570202392342970598e-19 9.068442812980724269e-20
1.815595999999999988e+00 5.263156984387870150e-19 8.993038172615171856e-20
1.821657999999999999e+00 5.119540816280830823e-19 9.794060054715856028e-20
1.827739999999999920e+00 5.423267188281860149e-19 9.988446459475447497e-20
1.833842999999999890e+00 5.127355999719205259e-19 8.057223069870330350e-20
1.839965999999999990e+00 5.159708419133977871e-19 9.252404540384369510e-20
1.846109000000000000e+00 5.340548998195809020e-19 9.341706434871347364e-20
1.852273000000000058e+00 5.656723726485213004e-19 8.703984284884067144e-20
1.858457000000000026e+00 4.936436706378457274e-19 9.431830747983303448e-20
1.864662999999999959e+00 5.182500310790641364e-19 9.352260328970225172e-20
1.870889000000000024e+00 5.147290749095367246e-19 8.208813702827399017e-20
1.877134999999999998e+00 6.716320215118232246e-19 7.560044047808451271e-20
1.883402999999999938e+00 7.880234435515899369e-19 9.518166010956160472e-20
1.889691000000000010e+00 8.088192282084403176e-19 7.838407635914283184e-20
1.896001000000000047e+00 9.015941037903783820e-19 7.915610500668157590e-20
1.902330999999999994e+00 8.265027365523380292e-19 1.074512070460587629e-19
1.908682999999999907e+00 8.895070196869857147e-19 9.581934875955619956e-20
1.915056000000000092e+00 8.183553142758560605e-19 9.156746664576069660e-20
1.921450000000000102e+00 7.892484523768310748e-19 1.012888939028871924e-19
1.927866000000000080e+00 7.970770975704100711e-19 8.086187855530374382e-20
1.934303000000000106e+00 7.190623717423220136e-19 9.024731241618717487e-20
1.940760999999999958e+00 6.575407663276913570e-19 9.913985656278252622e-20
1.947241000000000000e+00 7.356532379098278867e-19 1.102431010500274335e-19
1.953743000000000007e+00 7.716969593662798710e-19 8.841829171424760383e-20
1.960266000000000064e+00 8.002824686763090357e-19 1.017753610038476565e-19
1.966811000000000087e+00 8.670086461157477260e-19 7.788307184141275679e-20
1.973378000000000076e+00 9.260432924808291965e-19 9.286150358660863132e-20
1.979967000000000033e+00 9.446280104213715666e-19 9.217091907800320937e-20
1.986577999999999955e+00 1.049829362957877369e-18 6.913105046549020748e-20
1.993211000000000066e+00 1.134477073967376639e-18 9.677409158235274712e-20
1.999865999999999921e+00 1.165155403289027374e-18 8.364570951710974978e-20
2.006543000000000188e+00 1.265344608658778412e-18 6.999043545857037435e-20
2.013243000000000116e+00 1.354827076603746651e-18 9.432022036731245485e-20
2.019965000000000011e+00 1.368560427664246633e-18 7.834292514751120219e-20
2.026708999999999872e+00 1.471047921590517799e-18 1.036021224739942989e-19
2.033475999999999839e+00 1.606337444692904605e-18 8.821920076835062221e-20
2.040265999999999913e+00 1.664305806398172481e-18 1.053801337631548908e-19
2.047077999999999953e+00 1.815214864171188522e-18 9.417552759059477795e-20
2.053913000000000100e+00 1.827440957142351064e-18 1.068036645257741058e-19
2.060770999999999908e+00 1.952453671459468744e-18 8.021849592292247595e-20
2.067651999999999823e+00 2.017202344679400928e-18 5.582203756295611624e-20
2.074555000000000149e+00 2.034926430098814878e-18 8.318375697927122034e-20
2.081481999999999832e+00 2.024798473941405342e-18 1.160654136673547133e-19
2.088432000000000066e+00 2.001941019863493836e-18 1.302996671596909084e-19
2.095404999999999962e+00 1.920495308506138970e-18 7.609765510331766870e-20
2.102400999999999964e+00 1.863752452413393521e-18 1.103667854434470095e-19
2.109421000000000213e+00 1.752345573833227694e-18 1.250614066123794427e-19
2.116464000000000123e+00 1.674890673135599866e-18 1.057268796975117921e-19
2.123530999999999835e+00 1.636188149290634294e-18 9.318054123410851736e-20
2.130621000000000098e+00 1.451617140394584320e-18 8.544940061325936272e-20
2.137735000000000163e+00 1.453439365691186271e-18 9.911195870205893641e-20
2.144871999999999890e+00 1.307284932583232494e-18 8.785664146030314053e-20
2.152034000000000002e+00 1.188083108209838284e-18 9.166174522250426214e-20
2.159219000000000221e+00 1.061654146849515134e-18 8.910668660604620752e-20
2.166428999999999938e+00 1.029952871076113797e-18 9.481630903382381894e-20
2.173662000000000205e+00 9.810238357607322976e-19 1.055907868148028069e-19
2.180919999999999970e+00 8.954373983619706090e-19 9.934714270715205239e-20
2.188201999999999980e+00 7.930887612649556291e-19 9.269934556229967174e-20
2.195507999999999793e+00 6.412944335295713208e-19 9.870838414561360370e-20
2.202838999999999992e+00 5.295326838417909060e-19 9.401539682447421726e-20
2.210193999999999992e+00 5.442725512177438569e-19 9.494848133825730769e-20
2.217572999999999794e+00 6.063015039713112074e-19 9.912459098421347283e-20
2.224976999999999983e+00 6.025069259722762657e-19 8.572249425990175718e-20
2.232406000000000112e+00 5.917229226165916056e-19 9.269520673548592007e-20
2.239860000000000184e+00 5.702413841182937335e-19 1.031340065528538144e-19
2.247339000000000198e+00 5.556999349054036351e-19 9.578498005487322645e-20
2.254842000000000013e+00 5.480187458135602296e-19 8.915467957744811480e-20
2.262370999999999910e+00 5.553573591327856510e-19 9.339507334360147334e-20
2.269925000000000193e+00 5.566642541855888967e-19 8.403590136656883692e-20
2.277503999999999973e+00 5.535693654056241769e-19 9.757170114049859974e-20
2.285108000000000139e+00 5.516234998408202553e-19 9.636061835413277549e-20
2.292737999999999943e+00 5.427387110683459197e-19 9.411838123791968182e-20
2.300393000000000132e+00 5.602053321158965620e-19 9.644433509626670068e-20
2.308073999999999959e+00 6.000390397555480144e-19 8.996445958327764807e-20
2.315780000000000172e+00 5.935315301098858010e-19 8.363746487482618680e-20
2.323513000000000162e+00 5.611389076754660411e-19 9.538980193801208524e-20
2.331271000000000093e+00 5.667267309702458631e-19 9.037993686741189119e-20
2.339053999999999967e+00 5.767265480475125038e-19 1.008674349100471460e-19
2.346864000000000061e+00 5.893921008047248905e-19 9.695134904052794287e-20
2.354699999999999793e+00 6.044656400394665330e-19 8.786206361030724428e-20
2.362562000000000051e+00 6.238112095436654115e-19 9.668284693461176373e-20
2.370451000000000086e+00 6.139847703039869184e-19 8.901912313049082092e-20
2.378365000000000062e+00 6.061565189253898484e-19 8.554334040214123108e-20
2.386305999999999816e+00 6.230383089264073812e-19 8.656167718573503381e-20
2.394273999999999791e+00 6.507898334645235950e-19 9.088052367333207907e-20
2.402267999999999848e+00 6.810332006597284635e-19 9.822401226537486947e-20
2.410289000000000126e+00 7.067202653254597441e-19 8.579598013102723236e-20
2.418337000000000181e+00 7.199107677195023412e-19 8.324998977108886547e-20
2.426410999999999873e+00 7.107334176500838527e-19 9.061910366757732570e-20
2.434512999999999927e+00 7.349174783829392383e-19 8.076269648800179956e-20
2.442642000000000202e+00 7.624412664864812600e-19 9.591715886403712068e-20
2.450797000000000114e+00 7.770464046852443301e-19 9.550916787281114865e-20
2.458979999999999944e+00 8.017564222915685446e-19 7.816578585329894588e-20
2.467189999999999994e+00 8.339396294679269946e-19 8.680021737871021262e-20
2.475427999999999962e+00 8.485282994861592372e-19 9.338254289832579687e-20
2.483693000000000151e+00 8.933386510416032164e-19 9.661019735199424431e-20
2.491985999999999812e+00 9.095660949505895763e-19 9.412351469291768513e-20
2.500306999999999835e+00 9.232104260755303597e-19 9.178397658639005410e-20
2.508655000000000079e+00 9.435526317968725015e-19 9.973559616917189851e-20
2.517030999999999796e+00 9.440357899416477426e-19 8.701339415547598497e-20
2.525434999999999874e+00 9.418133168782625905e-19 1.018490030881181229e-19
2.533866999999999869e+00 9.279898938551314174e-19 8.894121436586944972e-20
2.542327999999999921e+00 9.563356561747597346e-19 7.911189656858922885e-20
2.550816000000000194e+00 9.123412395727942215e-19 8.920798709359171068e-20
2.559333000000000080e+00 9.187072022904898797e-19 9.983294494445265793e-20
2.567877999999999883e+00 9.353022854770988706e-19 8.636477791687778209e-20
2.576452000000000186e+00 9.239675554390393107e-19 9.889015572722634622e-20
2.585055000000000103e+00 9.175571082034254729e-19 9.616525272244151818e-20
2.593685999999999936e+00 9.156985669665330424e-19 8.770459862855967942e-20
2.602345999999999826e+00 9.878729954538826618e-19 8.883859085350259111e-20
2.611035000000000217e+00 1.018271787323792132e-18 8.976613574335325311e-20
2.619753000000000220e+00 1.020815842886111132e-18 1.022880248790981879e-19
2.628499999999999837e+00 1.042164101308890888e-18 8.968615094460684794e-20
2.637275999999999954e+00 1.165823790150453340e-18 9.047719151046152940e-20
2.646081999999999823e+00 1.185425236169036819e-18 8.813379617076710790e-20
2.654917000000000193e+00 1.131988760121235953e-18 7.698524592234028783e-20
2.663781000000000176e+00 1.078014693172181481e-18 8.715323574477733889e-20
2.672674999999999912e+00 9.921482978095455571e-19 7.220727968008467956e-20
2.681598999999999844e+00 1.012895525210522061e-18 6.940314409097608765e-20
2.690552999999999972e+00 1.049603499805191810e-18 9.112826266328922162e-20
2.699536000000000158e+00 1.107158079982956026e-18 8.414327111632921853e-20
2.708549999999999791e+00 1.095937464100484481e-18 8.309289419084671958e-20
2.717592999999999925e+00 1.139672251968732253e-18 9.139195758383294195e-20
2.726666999999999952e+00 1.186124264115079025e-18 1.104898514008006233e-19
2.735771000000000175e+00 1.250444880718922780e-18 1.101717859645340380e-19
2.744905999999999846e+00 1.311496124681135602e-18 6.716276897084075976e-20
2.754070000000000018e+00 1.203782841757121984e-18 8.486821059216391421e-20
2.763265999999999778e+00 1.221579771342591327e-18 8.570416005153682939e-20
2.772492000000000179e+00 1.224091988315444807e-18 8.990935140294289917e-20
2.781749000000000027e+00 1.173678050181531349e-18 8.586760802364894481e-20
2.791037000000000212e+00 1.230454693200074123e-18 9.781668620128088287e-20
2.800355999999999845e+00 1.236751247714485215e-18 1.185793572377583007e-19
2.809705999999999815e+00 1.295749083641731293e-18 9.622984541509612344e-20
2.819087999999999816e+00 1.193869952233621571e-18 8.318788754119781433e-20
2.828500000000000014e+00 1.448600997642501349e-18 7.619875803040230832e-20
2.837943999999999800e+00 1.211719703655377137e-18 7.672303928603664765e-20
2.847420000000000062e+00 1.343330296804284499e-18 9.517338563322514655e-20
2.856927000000000216e+00 1.296290823974353520e-18 1.039517892084539061e-19
2.866465999999999958e+00 1.388347017514381620e-18 8.743937386586911265e-20
2.876037000000000177e+00 1.425050238762943966e-18 7.286391799069893213e-20
2.885639999999999983e+00 1.377925539272570873e-18 8.765649831545097356e-20
2.895274999999999821e+00 1.462391489517737360e-18 1.163646475493797684e-19
2.904942000000000135e+00 1.383081948602522595e-18 8.640989552013715257e-20
2.914641000000000037e+00 1.518842256409652916e-18 1.355761188942906731e-19
2.924373000000000111e+00 1.447484819164640707e-18 7.081482883982503905e-20
2.934137000000000217e+00 1.682178807693314152e-18 1.255687738364010399e-19
2.943934000000000051e+00 1.511315406606943613e-18 7.631431020721454982e-20
2.953762999999999916e+00 1.553833839536988147e-18 9.424140114842693811e-20
2.963624999999999954e+00 1.598041801213765866e-18 8.823882991814403803e-20
2.973520999999999859e+00 1.613143548212889615e-18 7.736334569105795728e-20
2.983448999999999796e+00 1.686633268076572468e-18 8.962311645718734754e-20
2.993409999999999904e+00 1.631233436711822206e-18 1.283091061144086978e-19
