9.832229999999999581e-01 1.042123677546625256e-18 1.232734131203767592e-19
9.865059999999999940e-01 1.187258306024184462e-18 1.266075448431035734e-19
9.898000000000000131e-01 1.356772298511526609e-18 1.151003292459188422e-19
9.931039999999999868e-01 1.437059275584449451e-18 1.092835032922751733e-19
9.964199999999999724e-01 1.675036373873165645e-18 1.258310130475795588e-19
9.997470000000000523e-01 1.756115838657206208e-18 1.076224654348472480e-19
1.003085000000000004e+00 1.921071022507523229e-18 1.090927741350906636e-19
1.006434000000000051e+00 2.152867928227037198e-18 1.132121186804615825e-19
1.009794999999999998e+00 2.376231259406730914e-18 8.495842863478122038e-20
1.013166000000000011e+00 2.591703116936850911e-18 1.437768171302902826e-19
1.016548999999999925e+00 2.911300741606025471e-18 1.179093707678525198e-19
1.019943000000000044e+00 3.228524104527966130e-18 1.636767905893773062e-19
1.023349000000000064e+00 3.602723974194363692e-18 1.644155803165583623e-19
1.026766000000000068e+00 3.979154535053562266e-18 2.206916077226582142e-19
1.030194000000000054e+00 4.337128031073189479e-18 1.825347755106682276e-19
1.033633999999999942e+00 4.574968151531726739e-18 1.031677503275015895e-19
1.037085000000000035e+00 5.027908624317157552e-18 1.534279002750960190e-19
1.040548000000000028e+00 5.404564448460501642e-18 2.172813988677838140e-19
1.044022000000000006e+00 5.696528747400243316e-18 1.724769311180785047e-19
1.047508000000000106e+00 6.057072422911546542e-18 1.189785349990712371e-19
1.051004999999999967e+00 6.364165433478252120e-18 1.057082009855465579e-19
1.054513999999999951e+00 6.448223691163268966e-18 2.184393996923367296e-20
1.058035000000000059e+00 6.594264640879607635e-18 2.249469194063820364e-19
1.061568000000000067e+00 6.786071310755222149e-18 1.702681624628389328e-19
1.065112999999999976e+00 6.927036674129752040e-18 2.639315592529017550e-19
1.068669000000000091e+00 7.124227223334364764e-18 9.387792202036222754e-20
1.072237000000000107e+00 7.446300122593094034e-18 1.694240822823367729e-19
1.075817000000000023e+00 7.316305396078656513e-18 1.093899931484634568e-19
1.079409000000000063e+00 7.326725472103321098e-18 1.376921088073754798e-19
1.083013000000000003e+00 7.008428508737692594e-18 3.932145469825731594e-20
1.086629000000000067e+00 5.979076373052725939e-18 1.772187455081627901e-19
1.090257000000000032e+00 4.371988005543223127e-18 2.276550730910180804e-19
1.093898000000000037e+00 2.597272459722842551e-18 1.318220655812490319e-19
1.097550000000000026e+00 2.162547367140841530e-18 1.029017362663976407e-19
1.101215000000000055e+00 1.530550016113463050e-18 1.141136202305038513e-19
1.104891000000000068e+00 1.102200655133427781e-18 1.191893121797000860e-19
1.108581000000000039e+00 7.067958763596259961e-19 1.282142821292865223e-19
1.112281999999999993e+00 3.782611263038492760e-19 1.151038646139048716e-19
1.115995999999999988e+00 2.614024376831506663e-19 1.212725395058317552e-19
1.119722000000000106e+00 2.263943780008976197e-19 1.203274628404570312e-19
1.123461000000000043e+00 2.140498719188564622e-19 1.166718192372367700e-19
1.127212000000000103e+00 3.260149763131457176e-19 1.186098325314729500e-19
1.130975000000000064e+00 3.401601704285594879e-19 1.177294990602106116e-19
1.134751999999999983e+00 1.158294325545015562e-19 1.191882480122188551e-19
1.138540000000000108e+00 1.971046909524701844e-19 1.192597919997886836e-19
1.142341999999999969e+00 1.900535459474015811e-19 1.220781249109811820e-19
1.146155999999999953e+00 1.498090023283853393e-19 1.196142117965390780e-19
1.149982999999999977e+00 1.411282968537142311e-19 1.203662385246717023e-19
1.153823000000000043e+00 1.258573701161265299e-19 1.217174442386798135e-19
1.157675000000000010e+00 1.257944014698685981e-19 1.183334606289087528e-19
1.161540000000000017e+00 1.369832757385838511e-19 1.216819647171809005e-19
1.165418999999999983e+00 1.135282435707992379e-19 1.205277854081470230e-19
1.169310000000000072e+00 1.230055464694425384e-19 1.194319460351690846e-19
1.173213999999999979e+00 1.825123609293160568e-19 1.184725687059458662e-19
1.177130999999999927e+00 2.266939223950063541e-19 1.184328846904154745e-19
1.181062000000000056e+00 3.038931132916711822e-19 1.193228004587556162e-19
1.185005000000000086e+00 3.719144113254071956e-19 1.194031664337816955e-19
1.188962000000000074e+00 4.105335255068820601e-19 1.241800748940375907e-19
1.192930999999999964e+00 6.022543132365956211e-19 1.257426769817606685e-19
1.196914999999999951e+00 8.160020153753816010e-19 1.201216247690716851e-19
1.200911000000000062e+00 1.117309013261651087e-18 1.207393460369158196e-19
1.204920999999999909e+00 1.449260269754143276e-18 1.472934208497589640e-19
1.208944000000000019e+00 1.738262099355302578e-18 1.065994971435642767e-19
1.212979999999999947e+00 1.993788820425267113e-18 1.172472627188688322e-19
1.217030000000000056e+00 2.667443739975228009e-18 1.325242977189589444e-19
1.221093999999999902e+00 3.154004707759746726e-18 7.058738173060087833e-20
1.225171000000000010e+00 3.846015686063905045e-18 1.120818055904985207e-19
1.229262000000000077e+00 4.583918314248738557e-18 2.030377699322980506e-19
1.233365999999999962e+00 5.310212344121762794e-18 6.827238078918827815e-20
1.237484000000000028e+00 6.289546742853384950e-18 1.039943403989675552e-19
1.241616000000000053e+00 6.783010588819810990e-18 9.561311870573942394e-20
1.245762000000000036e+00 7.899818741296478984e-18 1.978399788500301909e-19
1.249921000000000060e+00 8.764796835463291705e-18 5.191266451472862157e-20
1.254094000000000042e+00 8.593635954687232958e-18 4.574632775290295719e-20
1.258281999999999901e+00 1.029020673492380376e-17 8.054688530871379308e-20
1.262483000000000022e+00 1.071731966550772304e-17 2.468637548972542189e-19
1.266698000000000102e+00 1.063559861712954395e-17 9.333610256317430900e-20
1.270928000000000058e+00 1.032129373441629499e-17 2.824365006378372610e-19
1.275171000000000054e+00 9.570371756961177347e-18 1.164421039499526282e-19
1.279428999999999927e+00 8.801276567790004838e-18 1.050829329134567091e-19
1.283700999999999981e+00 7.990441175759280768e-18 2.340368042257423065e-19
1.287986999999999993e+00 6.085248695722354801e-18 2.678930372943388924e-19
1.292286999999999964e+00 5.302742641569227999e-18 7.414590705230712858e-20
1.296602000000000032e+00 4.759745739990875628e-18 1.531686532844061660e-20
1.300931000000000060e+00 3.311673305293234376e-18 1.259805053045886817e-19
1.305274999999999963e+00 3.020082101956997285e-18 1.010389662229692775e-19
1.309633000000000047e+00 2.442437302736701317e-18 1.162069831681092500e-19
1.314006000000000007e+00 1.805161249586698013e-18 1.063104601348969936e-19
1.318392999999999926e+00 1.676918536242065849e-18 1.125334528199639150e-19
1.322794999999999943e+00 1.207615603891566789e-18 8.539636896331754622e-20
1.327212000000000058e+00 7.575104599528788108e-19 1.352070328475649039e-19
1.331642999999999910e+00 2.057807626197708461e-19 1.181780692764347967e-19
1.336089000000000082e+00 1.412188565476327497e-19 1.190694393753608982e-19
1.340549999999999908e+00 1.545109082372952216e-19 1.184320630945090574e-19
1.345026000000000055e+00 9.465586345765806588e-20 1.186598198333452885e-19
1.349517000000000078e+00 7.236636802530679853e-20 1.204479532971974109e-19
1.354022999999999977e+00 5.787222486580802122e-20 1.195935734792784603e-19
1.358543999999999974e+00 5.169374021111885082e-20 1.190215373963210654e-19
1.363080000000000069e+00 5.785089907206087625e-20 1.194171325510362014e-19
1.367631000000000041e+00 7.632615245997049845e-20 1.201623030482190326e-19
1.372198000000000029e+00 6.343158284107435744e-20 1.180090994689355160e-19
1.376778999999999975e+00 8.422186823827272068e-20 1.183805621231918409e-19
1.381375999999999937e+00 7.246880296753038989e-20 1.193862619596200635e-19
1.385988999999999916e+00 7.573565850624035908e-20 1.189503735873244738e-19
1.390616000000000074e+00 8.049321247985940581e-20 1.193353801533291765e-19
1.395259000000000027e+00 7.998679312262131558e-20 1.187924919015602041e-19
1.399917999999999996e+00 7.539627754217520900e-20 1.208549222415741592e-19
1.404592000000000063e+00 9.160440168450103332e-20 1.185635617238132172e-19
1.409281999999999924e+00 8.455073400819511540e-20 1.188368890962165204e-19
1.413987000000000105e+00 9.437843321030086920e-20 1.200100960570795642e-19
1.418708999999999998e+00 9.814590552938043476e-20 1.180573515983067982e-19
1.423445000000000071e+00 1.076836491034539327e-19 1.184652668447647822e-19
1.428198000000000079e+00 1.240682045113494927e-19 1.202458404447286857e-19
1.432967000000000102e+00 1.454275997271847051e-19 1.198877398720300064e-19
1.437751000000000001e+00 1.554909605956850201e-19 1.179644266395381848e-19
1.442552000000000056e+00 1.901056149873279288e-19 1.206159374466600729e-19
1.447367999999999988e+00 2.150590485036019206e-19 1.167720613840914083e-19
1.452201000000000075e+00 2.890191257922056363e-19 1.198573790488060077e-19
1.457049999999999956e+00 3.505016837625185173e-19 1.200678687753538323e-19
1.461915000000000076e+00 3.332198010388644162e-19 1.186288323423238242e-19
1.466795999999999989e+00 3.788406518931004181e-19 1.183319080703388639e-19
1.471692999999999918e+00 3.665281096388436965e-19 1.161589680035200569e-19
1.476607000000000003e+00 4.066555407571000212e-19 1.224990045750502952e-19
1.481537000000000104e+00 4.465963039198209606e-19 1.227489357024928895e-19
1.486483999999999916e+00 4.861662534173042954e-19 1.135112359968847008e-19
1.491446999999999967e+00 5.590312541511989259e-19 1.114973243489825328e-19
1.496426999999999952e+00 6.917400912431311699e-19 1.181977220260359231e-19
1.501422999999999952e+00 7.950269761739179643e-19 1.022038141739351103e-19
1.506437000000000026e+00 8.348419013487815657e-19 1.260866192482083461e-19
1.511465999999999976e+00 9.239244016614089562e-19 1.102359096693406527e-19
1.516513000000000000e+00 1.132905505339493213e-18 1.252024518377360358e-19
1.521576000000000040e+00 1.280300485536286710e-18 1.414750533543349281e-19
1.526656999999999931e+00 1.439917708375622931e-18 1.343803380494902710e-19
1.531754000000000060e+00 1.612936530006129511e-18 9.895172965147109826e-20
1.536869000000000041e+00 1.991849135113078708e-18 1.127577749409098118e-19
1.542000000000000037e+00 2.214597727108234987e-18 1.090343164247885122e-19
1.547149000000000107e+00 2.805939788513709799e-18 1.510748785231664293e-19
1.552313999999999972e+00 2.924014722476406633e-18 1.378181418931723905e-19
1.557496999999999909e+00 3.155787423527064002e-18 2.064310345035225747e-19
1.562697999999999920e+00 3.555952128344242400e-18 1.206117902920253702e-19
1.567914999999999948e+00 4.140834083021953351e-18 1.378467791200512979e-19
1.573150000000000048e+00 4.249191271909934990e-18 1.162763790929885436e-19
1.578403000000000000e+00 4.343119079348899570e-18 1.316640828064155266e-19
1.583673000000000108e+00 4.393744903989566121e-18 4.467734363516571875e-20
1.588961000000000068e+00 3.901702960718148034e-18 7.780935583530126413e-20
1.594265999999999961e+00 3.135273847193956206e-18 1.138120403614852507e-19
1.599588999999999928e+00 2.165452752955222507e-18 1.191911976606808263e-19
1.604929999999999968e+00 1.382087005640419931e-18 1.108821111825003407e-19
1.610289000000000081e+00 9.010760056311612098e-19 1.119213524188867253e-19
1.615664999999999907e+00 6.189086142139078893e-19 1.210671116618610838e-19
1.621059999999999945e+00 4.910937553939801127e-19 1.237404438096402638e-19
1.626473000000000058e+00 4.356464664446825689e-19 1.161223340140623211e-19
1.631903000000000103e+00 4.035521631641868373e-19 1.202582222694460693e-19
1.637351999999999919e+00 4.416102860649487576e-19 1.240850698218246743e-19
1.642819000000000029e+00 4.727508529204749646e-19 1.271870852853500230e-19
1.648303999999999991e+00 4.656037986618920556e-19 1.210179321028163210e-19
1.653807999999999945e+00 5.855132477820540742e-19 1.150127395856328915e-19
1.659329000000000054e+00 4.903968803889950276e-19 1.080555667940284078e-19
1.664870000000000072e+00 4.654122939075029571e-19 1.165635522495986143e-19
1.670428999999999942e+00 2.431367887545131723e-19 1.221088071094354427e-19
1.676006000000000107e+00 3.050455635384175784e-19 1.172083128266608550e-19
1.681602000000000041e+00 4.783110946318318173e-19 1.226958977585103617e-19
1.687216999999999967e+00 4.865799958991399168e-19 1.278787252073377696e-19
1.692849999999999966e+00 4.172947917167823104e-19 1.216014370040882911e-19
1.698501999999999956e+00 3.626674025852185690e-19 1.254688730688827134e-19
1.704172999999999938e+00 3.428486523981581194e-19 1.171204124588944858e-19
1.709862999999999911e+00 3.479976299096925118e-19 1.190624743203619858e-19
1.715573000000000015e+00 4.526136556526003452e-19 1.150514708518639786e-19
1.721300999999999970e+00 5.623736938866058784e-19 1.255057832702829574e-19
1.727047999999999917e+00 5.137724832387679097e-19 1.214000741394719021e-19
1.732814000000000076e+00 4.384705400500650344e-19 1.184561144492989613e-19
1.738599999999999923e+00 4.125543267914590021e-19 1.129949447937789079e-19
1.744404999999999983e+00 4.588307854533731706e-19 1.182510782018886653e-19
1.750229000000000035e+00 4.927978561361175338e-19 1.225464288366810111e-19
1.756072999999999995e+00 4.806166476936694705e-19 1.168134834869325805e-19
1.761937000000000086e+00 5.205978659465064965e-19 1.137339050116084658e-19
1.767819000000000029e+00 4.791778388359033714e-19 1.247975816432550996e-19
1.773722000000000021e+00 4.342258466061114644e-19 1.177735341112807210e-19
1.779644000000000004e+00 5.195815507765558560e-19 1.243294808856556297e-19
1.785585999999999895e+00 4.623461772738161286e-19 1.195767095000160470e-19
1.791547999999999918e+00 4.152368889221904229e-19 1.215811997060963575e-19
1.797530000000000072e+00 4.509337947459211216e-19 1.172285240950281721e-19
1.803531999999999913e+00 3.737483223934126555e-19 1.197183785404988739e-19
1.809554000000000107e+00 4.157592286128078172e-19 1.179140742733719473e-19
1.815595999999999988e+00 4.686693248910033134e-19 1.221125354264542981e-19
1.821657999999999999e+00 4.524069062993080869e-19 1.234954780963273520e-19
1.827739999999999920e+00 4.654241572496082430e-19 1.141789078351388370e-19
1.833842999999999890e+00 4.258768762377531478e-19 1.236634253558242689e-19
1.839965999999999990e+00 4.313126221072809746e-19 1.140266518050044282e-19
1.846109000000000000e+00 4.663593314144459005e-19 1.106249135218472354e-19
1.852273000000000058e+00 5.071091608534520177e-19 1.143683857752336360e-19
1.858457000000000026e+00 4.387295588504841243e-19 1.209918868208590051e-19
1.864662999999999959e+00 4.437973967972223538e-19 1.243160652065972859e-19
1.870889000000000024e+00 4.234964425429913761e-19 1.204755676616470169e-19
1.877134999999999998e+00 5.770671765056486742e-19 1.146465162242590667e-19
1.883402999999999938e+00 6.687679411313124170e-19 1.262453320311300147e-19
1.889691000000000010e+00 6.721127598603812391e-19 1.159136312465996888e-19
1.896001000000000047e+00 7.766404787186339095e-19 1.218881907269090705e-19
1.902330999999999994e+00 6.797478117819445542e-19 1.200384909103095764e-19
1.908682999999999907e+00 7.471226832742633312e-19 1.178051207987390205e-19
1.915056000000000092e+00 6.800718041829721034e-19 1.254768976081680129e-19
1.921450000000000102e+00 6.640857103921726723e-19 1.181636494222124685e-19
1.927866000000000080e+00 6.643707728975137413e-19 1.156754671085505401e-19
1.934303000000000106e+00 6.146477081667055031e-19 1.136174932959045917e-19
1.940760999999999958e+00 5.703307991301724088e-19 1.080821194918281546e-19
1.947241000000000000e+00 6.397657208036521160e-19 1.182423202302080540e-19
1.953743000000000007e+00 6.809046028123199627e-19 1.153992536841928416e-19
1.960266000000000064e+00 6.982681254292965571e-19 1.235030043063484557e-19
1.966811000000000087e+00 7.775887810686362795e-19 1.232243355943176980e-19
1.973378000000000076e+00 8.479352283103622025e-19 1.216657407623601585e-19
1.979967000000000033e+00 8.755982058352249720e-19 1.255665446302463544e-19
1.986577999999999955e+00 9.842223501080869237e-19 9.794709342205412975e-20
1.993211000000000066e+00 1.067757260700836246e-18 1.157530095516735799e-19
1.999865999999999921e+00 1.148830349085029296e-18 1.173010610108553720e-19
2.006543000000000188e+00 1.247289272508428145e-18 1.098793439328032381e-19
2.013243000000000116e+00 1.319562428458979985e-18 1.171022104912442205e-19
2.019965000000000011e+00 1.364368046479589452e-18 1.322685890038312269e-19
2.026708999999999872e+00 1.456659164285837224e-18 1.030226280352046783e-19
2.033475999999999839e+00 1.584343392946508680e-18 1.196984615584804513e-19
2.040265999999999913e+00 1.649073683119143769e-18 1.464521804251154062e-19
2.047077999999999953e+00 1.786959893330648715e-18 1.226971796869903723e-19
2.053913000000000100e+00 1.803772252060223165e-18 1.077832436696738735e-19
2.060770999999999908e+00 1.931347656435016935e-18 8.652387661378594713e-20
2.067651999999999823e+00 1.983450364579936725e-18 1.303802962793218660e-19
2.074555000000000149e+00 2.012064963456926458e-18 1.135498815383295321e-19
2.081481999999999832e+00 1.996678855720465623e-18 1.056723345394236925e-19
2.088432000000000066e+00 1.983358100331874994e-18 1.179250530080142422e-19
2.095404999999999962e+00 1.902107134318684317e-18 1.478278614430488376e-19
2.102400999999999964e+00 1.847231038650687604e-18 1.321555862834894977e-19
2.109421000000000213e+00 1.741144615456618362e-18 1.034719237955811581e-19
2.116464000000000123e+00 1.666214048111724642e-18 9.212160394560650735e-20
2.123530999999999835e+00 1.629743854410569789e-18 1.368744829166917732e-19
2.130621000000000098e+00 1.447560329843887509e-18 1.071348842206703605e-19
2.137735000000000163e+00 1.450042641001513811e-18 1.203236305888982307e-19
2.144871999999999890e+00 1.304821757033948322e-18 1.085624610421150821e-19
2.152034000000000002e+00 1.186931858718338529e-18 1.121741305992137913e-19
2.159219000000000221e+00 1.060897265662754375e-18 1.138793907769080613e-19
2.166428999999999938e+00 1.028987399286095693e-18 1.257826406390625265e-19
2.173662000000000205e+00 9.807807554181720776e-19 1.154340394899957656e-19
2.180919999999999970e+00 8.949162284534652999e-19 1.182631778753085760e-19
2.188201999999999980e+00 7.926399846416324135e-19 1.226835555434783646e-19
2.195507999999999793e+00 6.413641693475971751e-19 1.238697631576797363e-19
2.202838999999999992e+00 5.294588617354351338e-19 1.260050012532990403e-19
2.210193999999999992e+00 5.441981349099023918e-19 1.164759769661205886e-19
2.217572999999999794e+00 6.064833674121715517e-19 1.178430972646064819e-19
2.224976999999999983e+00 6.025701357811540103e-19 1.238448639128858616e-19
2.232406000000000112e+00 5.915813452723500756e-19 1.137234584240120314e-19
2.239860000000000184e+00 5.702038339257364618e-19 1.124409330164860024e-19
2.247339000000000198e+00 5.558138811423139898e-19 1.239486976037262500e-19
2.254842000000000013e+00 5.479451816649908652e-19 1.247354177875571502e-19
2.262370999999999910e+00 5.553092214870031004e-19 1.174916452974289566e-19
2.269925000000000193e+00 5.567618325291364513e-19 1.245225206249568292e-19
2.277503999999999973e+00 5.535955333351437807e-19 1.300977484375273906e-19
2.285108000000000139e+00 5.515850840359533537e-19 1.309267419746566638e-19
2.292737999999999943e+00 5.428122163078682220e-19 1.120549163064720056e-19
2.300393000000000132e+00 5.602061238789615421e-19 1.200701056522692785e-19
2.308073999999999959e+00 5.997828600111925756e-19 1.182084865432185023e-19
2.315780000000000172e+00 5.933623467196558012e-19 1.153407949821788543e-19
2.323513000000000162e+00 5.611379053860168264e-19 1.228101844179550077e-19
2.331271000000000093e+00 5.667153360576893427e-19 1.159581951479237541e-19
2.339053999999999967e+00 5.766585077491964921e-19 1.169886565170119958e-19
2.346864000000000061e+00 5.893989218413329542e-19 1.266867910228594838e-19
2.354699999999999793e+00 6.042942959331364784e-19 1.230507474339712407e-19
2.362562000000000051e+00 6.235837847213847924e-19 1.209884820001609521e-19
2.370451000000000086e+00 6.137677650657450221e-19 1.213937470631822444e-19
2.378365000000000062e+00 6.060648623198041669e-19 1.293642505988805647e-19
2.386305999999999816e+00 6.228812208353093578e-19 1.202002595036292569e-19
2.394273999999999791e+00 6.505775563453255177e-19 1.155549038023118448e-19
2.402267999999999848e+00 6.806837983020093722e-19 1.252645788067714507e-19
2.410289000000000126e+00 7.064372268271045672e-19 1.172293839130930400e-19
2.418337000000000181e+00 7.187845230345608021e-19 1.256338610662727761e-19
2.426410999999999873e+00 7.103451963139842809e-19 1.047268808991067938e-19
2.434512999999999927e+00 7.338135476456242789e-19 1.147611399897913824e-19
2.442642000000000202e+00 7.616502485384336058e-19 1.286754920286631639e-19
2.450797000000000114e+00 7.748529493262237385e-19 1.223484204497496028e-19
2.458979999999999944e+00 8.007276296590817421e-19 1.156946220779660774e-19
2.467189999999999994e+00 8.317619372813576206e-19 1.219424136675737287e-19
2.475427999999999962e+00 8.450847817680132360e-19 1.232182412368476535e-19
2.483693000000000151e+00 8.927776313170905870e-19 1.175570087900884497e-19
2.491985999999999812e+00 9.031413900404055118e-19 1.180639939369361004e-19
2.500306999999999835e+00 9.139761916883353361e-19 1.212307273255008791e-19
2.508655000000000079e+00 9.195325216156894861e-19 1.154541890700433994e-19
2.517030999999999796e+00 9.108891671898396890e-19 1.138049254961286935e-19
2.525434999999999874e+00 9.013272375699866602e-19 1.092576500299221220e-19
2.533866999999999869e+00 8.829250948191037088e-19 1.252584383452835415e-19
2.542327999999999921e+00 9.099097919472937623e-19 1.139803945772001372e-19
2.550816000000000194e+00 8.676259007901413593e-19 1.375330360131607738e-19
2.559333000000000080e+00 8.810189141467030011e-19 1.292829837118800842e-19
2.567877999999999883e+00 8.844257940272192446e-19 1.228422290902514798e-19
2.576452000000000186e+00 8.755017656220401462e-19 1.292231505479670687e-19
2.585055000000000103e+00 8.678519559055182196e-19 1.337499408513748948e-19
2.593685999999999936e+00 8.686559232235270652e-19 1.098736809975467691e-19
2.602345999999999826e+00 9.266813467123973159e-19 1.169963074436515861e-19
2.611035000000000217e+00 9.588154593898315591e-19 1.221318802144701780e-19
2.619753000000000220e+00 9.596674406919295866e-19 1.158829342652915744e-19
2.628499999999999837e+00 9.803059902308968237e-19 1.107619954456583046e-19
2.637275999999999954e+00 1.104190307300341285e-18 1.408812216496196297e-19
2.646081999999999823e+00 1.103046304396086469e-18 1.249718936438755768e-19
2.654917000000000193e+00 1.044638650066537738e-18 1.157088277433691701e-19
2.663781000000000176e+00 9.925950344507773041e-19 1.231570338149203556e-19
2.672674999999999912e+00 9.313482995574828895e-19 1.259423783060937444e-19
2.681598999999999844e+00 9.457583811431846850e-19 1.279175476675110611e-19
2.690552999999999972e+00 9.840454054611825758e-19 9.883302462701583275e-20
2.699536000000000158e+00 1.041746119449359186e-18 1.187466255187674593e-19
2.708549999999999791e+00 1.033368710442392403e-18 9.652024155219018115e-20
2.717592999999999925e+00 1.070418904710905764e-18 1.076591436948624824e-19
2.726666999999999952e+00 1.112916996711027658e-18 1.025622959169302494e-19
2.735771000000000175e+00 1.146897460954712530e-18 1.255010306326748896e-19
2.744905999999999846e+00 1.191449805458725705e-18 1.013009896907174162e-19
2.754070000000000018e+00 1.103454041254190997e-18 1.117251298257954040e-19
2.763265999999999778e+00 1.115819814015672125e-18 1.254124126651396916e-19
2.772492000000000179e+00 1.117672541908394646e-18 9.819292055388220894e-20
2.781749000000000027e+00 1.088745163269148739e-18 1.097659466150747316e-19
2.791037000000000212e+00 1.135068241029791125e-18 1.173460699308640058e-19
2.800355999999999845e+00 1.140233505938323147e-18 1.418641031207669604e-19
2.809705999999999815e+00 1.196016251765934271e-18 1.163597539790943977e-19
2.819087999999999816e+00 1.116536103147213515e-18 1.361639591471663604e-19
2.828500000000000014e+00 1.325390878791255032e-18 1.343471096881598173e-19
2.837943999999999800e+00 1.133502474675005679e-18 1.356541860502628341e-19
2.847420000000000062e+00 1.261192081167481975e-18 9.330856702831902112e-20
2.856927000000000216e+00 1.214902653857892825e-18 1.248788349777738380e-19
2.866465999999999958e+00 1.291120393183918789e-18 1.295835337398840411e-19
2.876037000000000177e+00 1.339492342357815068e-18 9.700127166985157138e-20
2.885639999999999983e+00 1.308787822662390254e-18 1.264706837939750621e-19
2.895274999999999821e+00 1.388514311149635771e-18 1.061572505317658654e-19
2.904942000000000135e+00 1.322158248031008715e-18 1.284734931960714083e-19
2.914641000000000037e+00 1.453565836959821381e-18 9.901770266674976664e-20
2.924373000000000111e+00 1.398736240466134807e-18 1.241734883852418426e-19
2.934137000000000217e+00 1.604299207489780520e-18 9.521901651629616372e-20
2.943934000000000051e+00 1.458842115535485034e-18 9.857398718095836735e-20
2.953762999999999916e+00 1.508699881609472418e-18 1.180815976978666084e-19
2.963624999999999954e+00 1.577238360326643009e-18 1.107811247889406247e-19
2.973520999999999859e+00 1.533349506724107322e-18 1.565317523602909665e-19
2.983448999999999796e+00 1.621400021901716636e-18 1.278228554068906109e-19
2.993409999999999904e+00 1.575251199470592776e-18 1.431233306047804583e-19
3.003404999999999880e+00 1.427570186128186514e-18 1.165120076072452114e-19
3.013433000000000028e+00 1.538885855626922887e-18 1.361950109399112182e-19
3.023493999999999904e+00 1.571158005630231108e-18 1.259365549118784660e-19
3.033589999999999787e+00 1.509994591902909873e-18 1.330801515614655864e-19
3.043718000000000146e+00 1.463925270382573014e-18 1.151489823937631828e-19
3.053881000000000068e+00 1.364563958884973386e-18 1.184578667516096997e-19
3.064077999999999857e+00 1.340081248929790201e-18 1.182221549308200013e-19
3.074307999999999819e+00 1.286748482685101777e-18 1.166193799960156975e-19
3.084572999999999787e+00 1.272899770066717174e-18 1.217351582624524410e-19
3.094872000000000067e+00 1.207178462092793078e-18 1.238711627277670917e-19
3.105205999999999911e+00 1.185367584672594747e-18 1.209554166885049134e-19
3.115574000000000066e+00 1.170834910298705834e-18 1.226709494490127652e-19
3.125976000000000088e+00 1.140958133643314133e-18 1.370034245263578559e-19
3.136413000000000117e+00 1.118948014363716815e-18 1.083529060086376440e-19
3.146885999999999850e+00 1.114395646549912925e-18 1.245788240682743486e-19
3.157392999999999894e+00 1.109044832301906530e-18 1.225620395370668655e-19
3.167934999999999945e+00 1.107617592457771318e-18 1.258866330849999044e-19
3.178512000000000004e+00 1.103975816918865434e-18 1.204675788554829265e-19
3.189125000000000210e+00 1.105133752274086162e-18 1.183810917110803358e-19
3.199772999999999978e+00 1.106745471984414406e-18 1.254850375266642035e-19
3.210456999999999894e+00 1.111595318780271117e-18 1.263203490640380268e-19
3.221175999999999817e+00 1.118693627315519089e-18 1.319069719885383876e-19
3.231930999999999887e+00 1.124858219957550575e-18 1.082740186684908003e-19
3.242722000000000104e+00 1.129544492622035363e-18 1.145795664341248422e-19
3.253550000000000164e+00 1.137349226219764843e-18 1.171406268717190527e-19
3.264412999999999787e+00 1.155138940511256065e-18 1.302175005380836573e-19
3.275312000000000001e+00 1.168907103671868714e-18 1.070855479120095223e-19
3.286248000000000058e+00 1.184840647855089661e-18 1.129255976749664966e-19
3.297220999999999957e+00 1.197038221395576433e-18 1.304247736097408729e-19
3.308230000000000004e+00 1.163403094317329551e-18 1.242772908647363102e-19
3.319275999999999893e+00 1.125411953508395223e-18 1.133499574572361510e-19
3.330357999999999929e+00 1.120682021899569382e-18 1.098023799387011866e-19
3.341477999999999948e+00 1.129495693730768099e-18 1.285535089682442193e-19
3.352634999999999810e+00 1.144507416275156241e-18 1.152486801297624202e-19
3.363828999999999958e+00 1.164976055825383553e-18 1.223522420556181373e-19
3.375059999999999949e+00 1.186554569108503548e-18 1.326109552126978941e-19
3.386328999999999922e+00 1.192392809417035142e-18 1.279239940697445892e-19
3.397635999999999878e+00 1.199025608075108632e-18 1.085712613689937621e-19
3.408980000000000121e+00 1.191152447231262824e-18 1.263353614863415102e-19
3.420363000000000042e+00 1.201454359943316441e-18 1.348205849732542105e-19
3.431782999999999806e+00 1.201643729236966854e-18 1.139256346795648289e-19
3.443240999999999996e+00 1.206721864745246391e-18 1.358352763311218821e-19
3.454737999999999865e+00 1.207576223163837231e-18 1.350201806159013052e-19
3.466273000000000160e+00 1.211227026333308757e-18 1.226028467787877124e-19
3.477845999999999993e+00 1.215454304216369298e-18 1.051803779913327719e-19
3.489457999999999949e+00 1.220433817906240806e-18 1.368144491312132914e-19
3.501109000000000027e+00 1.228283546400760128e-18 1.204915956994961440e-19
3.512798999999999783e+00 1.236403024859496295e-18 1.232638095775864601e-19
3.524528000000000105e+00 1.240009488448276750e-18 1.112819152608058532e-19
3.536296000000000106e+00 1.249735620252984939e-18 1.247201462315498776e-19
3.548102999999999785e+00 1.257697333698436762e-18 9.505433377415117760e-20
3.559950000000000170e+00 1.270792171500904049e-18 1.283028375384305642e-19
3.571835999999999789e+00 1.277063873693013135e-18 1.184512395868285078e-19
3.583762000000000114e+00 1.292884899888789724e-18 1.214101335735321186e-19
3.595727999999999813e+00 1.303025220382205487e-18 1.287423938695805181e-19
3.607734000000000218e+00 1.303125178022239662e-18 1.131470705483085980e-19
3.619779999999999998e+00 1.322893160176505299e-18 9.453557962406898224e-20
3.631866000000000039e+00 1.336541131994106389e-18 1.062567416207072865e-19
3.643991999999999898e+00 1.355797070521249320e-18 1.346806850552240803e-19
3.656159000000000159e+00 1.388827942367007176e-18 1.535598970389719481e-19
3.668366999999999933e+00 1.406643144235270607e-18 1.073470672191261869e-19
3.680614999999999970e+00 1.455639568111516235e-18 1.145651372817755597e-19
3.692903999999999964e+00 1.456657567305340747e-18 9.917106557872204948e-20
3.705233999999999916e+00 1.496461977495493342e-18 1.289871461950929897e-19
3.717605999999999966e+00 1.532835677234617222e-18 1.024803588199645793e-19
3.730017999999999834e+00 1.515439982623148553e-18 1.423858798687499317e-19
3.742472999999999939e+00 1.568254284245174273e-18 1.055967114162937511e-19
3.754967999999999861e+00 1.618692227208744403e-18 1.295777228790952545e-19
3.767506000000000022e+00 1.599056038995996798e-18 9.983193031821992379e-20
3.780085000000000139e+00 1.586664328298136585e-18 9.058048990871370242e-20
3.792705999999999911e+00 1.624036243589780426e-18 1.022372523623389423e-19
3.805369999999999919e+00 1.695412219351834429e-18 1.396953656976093120e-19
3.818076000000000025e+00 1.755289272697905286e-18 1.196582735498767055e-19
3.830823999999999785e+00 1.841276905987496264e-18 8.225490718432296164e-20
3.843614000000000086e+00 1.724387287698801684e-18 1.211181314573860507e-19
3.856447999999999876e+00 1.770297083039499474e-18 1.373256191224928977e-19
3.869324000000000208e+00 1.807013669936524874e-18 1.204498076447341226e-19
3.882242999999999888e+00 1.804538925313214194e-18 1.245700882733329796e-19
3.895205999999999946e+00 1.844773233681182623e-18 1.365403431761400461e-19
3.908211000000000102e+00 1.880482841698176615e-18 1.174352805719093994e-19
3.921260000000000190e+00 1.893103529455183537e-18 1.569949486314129555e-19
3.934353000000000211e+00 1.924261675674391437e-18 1.307778552392740311e-19
3.947490000000000165e+00 1.971212221104732383e-18 1.200479545925889764e-19
3.960669999999999913e+00 1.983379098008799184e-18 1.103296321306696828e-19
3.973894000000000037e+00 1.942681336577510520e-18 1.030820826260731569e-19
3.987162000000000095e+00 2.064809717638656768e-18 8.534185849891545554e-20
4.000474999999999781e+00 2.067583639750316669e-18 1.049937984874591368e-19
4.013831999999999844e+00 2.075631033359193419e-18 1.152607236432958550e-19
4.027233999999999980e+00 2.102078084735273155e-18 1.342476429884751548e-19
4.040681000000000189e+00 2.079726831275827764e-18 1.275290927046931410e-19
4.054172000000000331e+00 2.126262642410957851e-18 1.598224378683825235e-19
4.067707999999999657e+00 2.131347284402767209e-18 1.463488212986424855e-19
4.081290000000000084e+00 2.096173014209533618e-18 1.205041866565642888e-19
4.094916999999999696e+00 2.087617824797616822e-18 1.425637581834068092e-19
4.108590000000000408e+00 2.113961631951822219e-18 5.717990816125112868e-20
4.122308000000000305e+00 2.106044248477291771e-18 1.683522507710406491e-19
4.136072000000000415e+00 2.130659281685529651e-18 1.230334580777262894e-19
4.149881999999999849e+00 2.103715739679194725e-18 1.152583440748297212e-19
4.163738000000000383e+00 2.135132187448092614e-18 1.187275747357085073e-19
4.177640000000000242e+00 2.161514304910910475e-18 9.713667524309846766e-20
4.191588999999999565e+00 2.113708221161096881e-18 1.239930156818405874e-19
4.205583999999999989e+00 2.218575689843083780e-18 1.153703669607413826e-19
4.219625999999999877e+00 2.135562733261115104e-18 1.280233011842126653e-19
4.233715000000000117e+00 2.205075807241015906e-18 1.291310817172482109e-19
4.247850999999999821e+00 2.159597958977369268e-18 7.853234643811659620e-20
4.262033999999999878e+00 2.298871299043283267e-18 1.286488880290582367e-19
4.276264000000000287e+00 2.111523289063536630e-18 8.326487830314334853e-20
4.290542000000000300e+00 1.915475531838840553e-18 1.030525502538790582e-19
4.304867999999999917e+00 1.643466395707099759e-18 1.233518569070471267e-19
4.319240999999999886e+00 1.657073125523087245e-18 1.221763970965612522e-19
4.333662999999999599e+00 1.758289176026187132e-18 1.210070529501766711e-19
4.348132999999999804e+00 1.869854241118288597e-18 1.323617277841356651e-19
4.362650000000000361e+00 2.030655827971073059e-18 8.360775658875156986e-20
4.377216999999999913e+00 2.199046280495826245e-18 1.573783081643962907e-19
4.391831999999999958e+00 2.026327121069701033e-18 1.125868376813933986e-19
4.406495999999999746e+00 2.154795578693169510e-18 8.016658682720821083e-20
4.421209000000000167e+00 2.162154123134275586e-18 1.066923275945674937e-19
4.435971000000000330e+00 1.925915088949102494e-18 1.288813692660590041e-19
4.450782000000000238e+00 2.126869839971336871e-18 1.273359813416374149e-19
4.465641999999999889e+00 2.044678325779838827e-18 1.407481636826102901e-19
4.480552999999999564e+00 2.017445731027156977e-18 8.935618015588454699e-20
4.495512999999999870e+00 2.018521697661755076e-18 1.297102766397559246e-19
4.510523000000000060e+00 2.028975670381762243e-18 1.039272352997856981e-19
4.525583000000000133e+00 1.909702669404014698e-18 1.131364134225305970e-19
4.540694000000000230e+00 2.108354245126993835e-18 1.360878270202862350e-19
4.555854000000000070e+00 2.199689928613601440e-18 1.102366830159967717e-19
4.571066000000000074e+00 1.977707362993710299e-18 1.295274038732319512e-19
4.586327999999999960e+00 2.234151228843375233e-18 8.827197667912264244e-20
4.601640999999999870e+00 2.160625731435294924e-18 7.788853162178108295e-20
4.617005999999999943e+00 2.028670780964828035e-18 1.143318148737155538e-19
4.632422000000000040e+00 2.061987274383564191e-18 1.448845294657569540e-19
4.647889000000000159e+00 1.971203556800305326e-18 1.080544993122629052e-19
4.663408000000000442e+00 2.058878383993857340e-18 1.097864137309474386e-19
4.678977999999999859e+00 1.922219426918056222e-18 1.286444017744001781e-19
4.694600999999999580e+00 2.201401771992450573e-18 1.074341528175309761e-19
4.710276000000000352e+00 1.954157781310450726e-18 1.038859347559098083e-19
4.726003000000000398e+00 1.967441051864334712e-18 1.115769549737683376e-19
4.741781999999999719e+00 2.159631875953601959e-18 1.193467851774966912e-19
4.757615000000000371e+00 2.142339603150660149e-18 1.337026128688095656e-19
4.773500000000000298e+00 1.881855230178987164e-18 1.213242399864245338e-19
4.789437999999999640e+00 1.815699078850342953e-18 1.000591308957676534e-19
4.805429000000000173e+00 2.072049602108256158e-18 1.304713436194156680e-19
4.821474000000000260e+00 1.912225602438896400e-18 1.444320973536048541e-19
4.837572999999999901e+00 1.782443892560242317e-18 1.137499721729885724e-19
4.853724999999999845e+00 1.959387392104490395e-18 1.249168508783421560e-19
4.869931000000000232e+00 1.828794345602841157e-18 9.389092450058059681e-20
4.886191000000000173e+00 1.920133596353333830e-18 1.124316468126203916e-19
4.902504999999999669e+00 1.747134501590094215e-18 9.991130420058959370e-20
4.918873999999999747e+00 1.939468927361452960e-18 1.002049721099461788e-19
4.935298000000000407e+00 1.726458878792061756e-18 1.089044716353408187e-19
4.951775999999999733e+00 1.568442499917569162e-18 8.195454422800084449e-20
4.968309999999999782e+00 1.715283685242058226e-18 1.121607811494017462e-19
4.984899000000000413e+00 1.749403491053660530e-18 1.161605621732000212e-19
