1.930933315913891420e+03
1.931403578170691617e+03
1.931873869663497317e+03
1.932344163667527027e+03
1.932814457671556738e+03
1.933284753292085952e+03
1.933755067690304713e+03
1.934225382088523475e+03
1.934695696486742236e+03
1.935166028306921362e+03
1.935636417593923397e+03
1.936106806880925433e+03
1.936577196167927468e+03
1.937047610148787498e+03
1.937518062971532345e+03
1.937988515794277191e+03
1.938458968617022038e+03
1.938929455951118143e+03
1.939399972268322017e+03
1.939870488585525891e+03
1.940341004902729765e+03
1.940811543476942461e+03
1.941282091541375848e+03
1.941752639605809236e+03
1.942223187670242623e+03
1.942693753259474761e+03
1.943164321718097199e+03
1.943634890176719637e+03
1.944105459917802364e+03
1.944576135012437589e+03
1.945046810107072815e+03
1.945517485201708041e+03
1.945988171069257078e+03
1.946458909699635115e+03
1.946929648330013151e+03
1.947400386960391188e+03
1.947871135872672312e+03
1.948341906250279862e+03
1.948812676627887413e+03
1.949283447005494963e+03
1.949754247955905157e+03
1.950225081869255519e+03
1.950695915782605880e+03
1.951166749695956241e+03
1.951637576243374497e+03
1.952108398721116828e+03
1.952579221198859159e+03
1.953050043676601490e+03
1.953520975928724511e+03
1.953991936830992927e+03
1.954462897733261343e+03
1.954933858635529759e+03
1.955404819614705048e+03
1.955875780516973464e+03
1.956346741419241880e+03
1.956817712440577452e+03
1.957288768625818193e+03
1.957759824811058934e+03
1.958230880996299675e+03
1.958701945519307628e+03
1.959173033451777883e+03
1.959644121384248137e+03
1.960115209316718392e+03
1.960586323860959965e+03
1.961057475329173030e+03
1.961528626797386096e+03
1.961999778265599161e+03
1.962470941381587181e+03
1.962942113161421730e+03
1.963413284941256279e+03
1.963884456721090828e+03
1.964355683180183405e+03
1.964826929931368795e+03
1.965298176682554185e+03
1.965769423433739576e+03
1.966240754499129253e+03
1.966712096492003184e+03
1.967183438484877115e+03
1.967654780543613015e+03
1.968126122536486946e+03
1.968597464529360877e+03
1.969068806522234809e+03
1.969540167456201743e+03
1.970011604732047999e+03
1.970483042007894255e+03
1.970954479283740511e+03
1.971425912517355755e+03
1.971897338316310197e+03
1.972368764115264639e+03
1.972840189914219081e+03
1.973311670204246184e+03
1.973783202763064764e+03
1.974254735321883345e+03
1.974726267880701926e+03
1.975197842720313929e+03
1.975669438773591537e+03
1.976141034826869145e+03
1.976612630880146753e+03
1.977084253133129096e+03
1.977555880974920001e+03
1.978027508816710906e+03
1.978499136658501811e+03
1.978970826568081975e+03
1.979442517904331908e+03
1.979914209240581840e+03
1.980385903322283411e+03
1.980857614928871044e+03
1.981329326535458677e+03
1.981801038142046309e+03
1.982272771505173296e+03
1.982744558124395553e+03
1.983216344743617810e+03
1.983688131362840068e+03
1.984159946312225657e+03
1.984631796425906941e+03
1.985103646539588226e+03
1.985575496653269511e+03
1.986047385114216013e+03
1.986519298763640109e+03
1.986991212413064204e+03
1.987463126062488300e+03
1.987935087867823313e+03
1.988407065011706436e+03
1.988879042155589559e+03
1.989351019299472682e+03
1.989822985951090232e+03
1.990294951576797757e+03
1.990766917202505283e+03
1.991238890426102444e+03
1.991710962852957891e+03
1.992183035279813339e+03
1.992655107706668787e+03
1.993127194561180659e+03
1.993599330523778917e+03
1.994071466486377176e+03
1.994543602448975435e+03
1.995015750499398564e+03
1.995487918209226336e+03
1.995960085919054109e+03
1.996432253628881881e+03
1.996904472665337380e+03
1.997376735616853694e+03
1.997848998568370007e+03
1.998321261519886320e+03
1.998793546657660045e+03
1.999265841397689655e+03
1.999738136137719266e+03
2.000210430877748877e+03
2.000682715732604265e+03
2.001154998913174495e+03
2.001627282093744725e+03
2.002099566289471113e+03
2.002571988059702562e+03
2.003044409829934011e+03
2.003516831600165460e+03
2.003989258517976850e+03
2.004461712035437813e+03
2.004934165552898776e+03
2.005406619070359739e+03
2.005879092881223187e+03
2.006351609893143177e+03
2.006824126905063167e+03
2.007296643916983157e+03
2.007769176127098035e+03
2.008241724927531322e+03
2.008714273727964610e+03
2.009186822528397897e+03
2.009659404103585985e+03
2.010132004839018919e+03
2.010604605574451853e+03
2.011077206309884787e+03
2.011549866153116454e+03
2.012022541983751580e+03
2.012495217814386706e+03
2.012967893645021832e+03
2.013440629359422019e+03
2.013913368684516172e+03
2.014386108009610325e+03
2.014858850538148545e+03
2.015331621610472212e+03
2.015804392682795878e+03
2.016277163755119545e+03
2.016749959308450343e+03
2.017222825663746335e+03
2.017695692019042326e+03
2.018168558374338318e+03
2.018641419967083493e+03
2.019114274721636320e+03
2.019587129476189148e+03
2.020059984230741975e+03
2.020532881687569898e+03
2.021005811578608700e+03
2.021478741469647503e+03
2.021951671360686305e+03
2.022424670181178953e+03
2.022897695313906297e+03
2.023370720446633641e+03
2.023843745579360984e+03
2.024316798758867662e+03
2.024789855680108303e+03
2.025262912601348944e+03
2.025735971787013113e+03
2.026209092202712782e+03
2.026682212618412450e+03
2.027155333034112118e+03
2.027628457348560914e+03
2.028101597910746932e+03
2.028574738472932950e+03
2.029047879035118967e+03
2.029521056797719211e+03
2.029994304243620718e+03
2.030467551689522224e+03
2.030940799135423731e+03
2.031414062616648152e+03
2.031887341809779173e+03
2.032360621002910193e+03
2.032833900196041213e+03
2.033307221429931815e+03
2.033780564158805646e+03
2.034253906887679477e+03
2.034727249616553308e+03
2.035200644192431355e+03
2.035674050415764214e+03
2.036147456639097072e+03
2.036620862862429931e+03
2.037094330965162953e+03
2.037567800724238623e+03
2.038041270483314293e+03
2.038514738695535925e+03
2.038988196771300863e+03
2.039461654847065802e+03
2.039935112922830740e+03
2.040408601557981456e+03
2.040882166600029450e+03
2.041355731642077444e+03
2.041829296684125438e+03
2.042302889669081196e+03
2.042776518205588218e+03
2.043250146742095239e+03
2.043723775278602261e+03
2.044197441750235157e+03
2.044671133781201206e+03
2.045144825812167255e+03
2.045618517843133304e+03
2.046092233907431364e+03
2.046565957726910710e+03
2.047039681546390057e+03
2.047513405365869403e+03
2.047987176278416882e+03
2.048460951909044525e+03
2.048934727539672167e+03
2.049408506032748846e+03
2.049882325093916734e+03
2.050356144155084621e+03
2.050829963216252509e+03
2.051303810515091754e+03
2.051777756606461480e+03
2.052251702697831206e+03
2.052725648789200932e+03
2.053199594950303435e+03
2.053673541041673161e+03
2.054147487133042887e+03
2.054621433224412613e+03
2.055095413314542384e+03
2.055569422941654921e+03
2.056043432568767457e+03
2.056517442195879994e+03
2.056991465630475432e+03
2.057465495280222967e+03
2.057939524929970503e+03
2.058413554579718038e+03
2.058887674830853939e+03
2.059361811488168314e+03
2.059835948145482689e+03
2.060310084921948146e+03
2.060784285073721549e+03
2.061258485225494951e+03
2.061732685377268353e+03
2.062206895646944758e+03
2.062681159334460972e+03
2.063155423021977185e+03
2.063629686709493399e+03
2.064103970341908280e+03
2.064578297523883521e+03
2.065052624705858761e+03
2.065526951887834002e+03
2.066001258672069525e+03
2.066475542382220738e+03
2.066949826092371950e+03
2.067424109802523162e+03
2.067898460518481443e+03
2.068372851236199494e+03
2.068847241953917546e+03
2.069321632671635598e+03
2.069796122770116199e+03
2.070270640518036089e+03
2.070745158265955979e+03
2.071219676013875869e+03
2.071694193735616864e+03
2.072168711483536754e+03
2.072643229231456644e+03
2.073117752973645111e+03
2.073592334216024028e+03
2.074066915458402946e+03
2.074541496700781863e+03
2.075016093940008432e+03
2.075490738718130160e+03
2.075965383496251889e+03
2.076440028274373617e+03
2.076914681157446466e+03
2.077389345916919410e+03
2.077864010676392354e+03
2.078338675435865298e+03
2.078813400448372704e+03
2.079288172256696271e+03
2.079762944065019838e+03
2.080237715873343404e+03
2.080712533305049874e+03
2.081187368607832468e+03
2.081662203910615062e+03
2.082137039213397657e+03
2.082611874560141587e+03
2.083086709862924181e+03
2.083561545165706775e+03
2.084036384497536346e+03
2.084511346830520779e+03
2.084986309163505211e+03
2.085461271496489644e+03
2.085936225702345837e+03
2.086411144480938674e+03
2.086886063259531511e+03
2.087360982038124348e+03
2.087835959436924895e+03
2.088311048800111166e+03
2.088786138163297437e+03
2.089261227526483708e+03
2.089736316926268046e+03
2.090211406289454317e+03
2.090686495652640588e+03
2.091161585015826859e+03
2.091636716071050614e+03
2.092111868969979696e+03
2.092587021868908778e+03
2.093062174767837860e+03
2.093537379165267339e+03
2.094012595558655448e+03
2.094487811952043558e+03
2.094963028345431667e+03
2.095438264072203310e+03
2.095913500405658851e+03
2.096388736739114393e+03
2.096863986335243681e+03
2.097339329758833628e+03
2.097814673182423576e+03
2.098290016606013523e+03
2.098765377840783913e+03
2.099240784800116671e+03
2.099716191759449430e+03
2.100191598718782188e+03
2.100667033311270643e+03
2.101142503765062429e+03
2.101617974218854215e+03
2.102093444672646001e+03
2.102568952776258811e+03
2.103044486765793408e+03
2.103520020755328005e+03
2.103995554744862602e+03
2.104471056024107384e+03
2.104946546376682818e+03
2.105422036729258252e+03
2.105897527081833687e+03
2.106373171813727822e+03
2.106848832833464257e+03
2.107324493853200693e+03
2.107800154813623521e+03
2.108275815833359957e+03
2.108751476853096392e+03
2.109227137872832827e+03
2.109702812575094867e+03
2.110178537089290330e+03
2.110654261603485793e+03
2.111129986117681256e+03
2.111605757978555630e+03
2.112081609522952931e+03
2.112557461067350232e+03
2.113033312611747533e+03
2.113509164170653094e+03
2.113985015715050395e+03
2.114460867259447696e+03
2.114936718803844997e+03
2.115412583990997518e+03
2.115888455434178468e+03
2.116364326877359417e+03
2.116840198320540367e+03
2.117316159756272100e+03
2.117792138330871239e+03
2.118268116905470379e+03
2.118744095480069518e+03
2.119220137399679516e+03
2.119696179510021466e+03
2.120172221620363416e+03
2.120648273373633856e+03
2.121124378978434834e+03
2.121600484583235811e+03
2.122076590188036789e+03
2.122552695799982757e+03
2.123028801404783735e+03
2.123504907009584713e+03
2.123981012614385691e+03
2.124457157008349895e+03
2.124933345965109766e+03
2.125409534921869636e+03
2.125885723878629506e+03
2.126361979470268125e+03
2.126838275641013752e+03
2.127314571811759379e+03
2.127790867982505006e+03
2.128267164075528854e+03
2.128743460246274481e+03
2.129219756417020108e+03
2.129696052587765735e+03
2.130172467209747992e+03
2.130648890369411674e+03
2.131125313529075356e+03
2.131601736766024260e+03
2.132078159925687942e+03
2.132554583085351624e+03
2.133031006245015305e+03
2.133507449960045051e+03
2.133983956471667625e+03
2.134460462983290199e+03
2.134936969494912773e+03
2.135413493547268445e+03
2.135890043737133965e+03
2.136366593926999485e+03
2.136843144116865005e+03
2.137319729809853015e+03
2.137796343535461347e+03
2.138272957261069678e+03
2.138749570986678009e+03
2.139226230025917175e+03
2.139702907245984534e+03
2.140179584466051892e+03
2.140656261686119251e+03
2.141133049483876675e+03
2.141609853734145872e+03
2.142086657984415069e+03
2.142563461160549195e+03
2.143040221691291663e+03
2.143516982222034130e+03
2.143993742752776598e+03
2.144470522857911419e+03
2.144947390643923427e+03
2.145424258429935435e+03
2.145901126215947443e+03
2.146377993987014634e+03
2.146854861773026641e+03
2.147331729559038649e+03
2.147808597345050657e+03
2.148285527892410755e+03
2.148762522708624601e+03
2.149239517524838448e+03
2.149716512341052294e+03
2.150193548431299860e+03
2.150670606741972733e+03
2.151147665052645607e+03
2.151624723363318481e+03
2.152101832973537967e+03
2.152578954819953651e+03
2.153056076666369336e+03
2.153533198512785020e+03
2.154010339372965973e+03
2.154487480994313955e+03
2.154964622615661938e+03
2.155441769336117432e+03
2.155918954676992144e+03
2.156396140017866855e+03
2.156873325358741567e+03
2.157350545635505114e+03
2.157827858006581664e+03
2.158305170377658214e+03
2.158782482748734765e+03
2.159259795171325095e+03
2.159737107542401645e+03
2.160214419913478196e+03
2.160691732284554746e+03
2.161169119259589934e+03
2.161646558660868322e+03
2.162123998062146711e+03
2.162601437463425100e+03
2.163078844396572094e+03
2.163556240037039970e+03
2.164033635677507846e+03
2.164511031317975721e+03
2.164988580454664771e+03
2.165466146886144998e+03
2.165943713317625225e+03
2.166421279793255962e+03
2.166898846224736189e+03
2.167376412656216417e+03
2.167853979087696644e+03
2.168331558978170506e+03
2.168809188945393544e+03
2.169286818912616582e+03
2.169764448879839620e+03
2.170242102130869171e+03
2.170719795592551236e+03
2.171197489054233301e+03
2.171675182515915367e+03
2.172152919583008043e+03
2.172630696272797650e+03
2.173108472962587257e+03
2.173586249652376864e+03
2.174064056090544909e+03
2.174541876582428813e+03
2.175019697074312717e+03
2.175497517566196620e+03
2.175975391171959927e+03
2.176453275199586642e+03
2.176931159227213357e+03
2.177409043254840071e+03
2.177886990195387625e+03
2.178364937717473367e+03
2.178842885239559109e+03
2.179320842178422026e+03
2.179798853236250579e+03
2.180276864294079132e+03
2.180754875351907685e+03
2.181232892332482152e+03
2.181710923041391652e+03
2.182188953750301152e+03
2.182666984459210653e+03
2.183145064582000487e+03
2.183623202670030878e+03
2.184101340758061269e+03
2.184579478846091661e+03
2.185057655981698190e+03
2.185535857564187609e+03
2.186014059146677027e+03
2.186492260729166446e+03
2.186970462337398203e+03
2.187448663919887622e+03
2.187926865502377041e+03
2.188405067084866459e+03
2.188883386588946451e+03
2.189361715201637708e+03
2.189840043814328965e+03
2.190318377801580937e+03
2.190796769950015005e+03
2.191275162098449073e+03
2.191753554246883141e+03
2.192231951050285716e+03
2.192710362808516948e+03
2.193188774566748179e+03
2.193667186324979411e+03
2.194145640713861212e+03
2.194624159892497119e+03
2.195102679071133025e+03
2.195581198249768931e+03
2.196059717365598772e+03
2.196538236544234678e+03
2.197016755722870585e+03
2.197495274901506491e+03
2.197973884017585078e+03
2.198452530226422823e+03
2.198931176435260568e+03
2.199409822644098313e+03
2.199888468786448357e+03
2.200367114995286101e+03
2.200845761204123846e+03
2.201324409074761206e+03
2.201803138387855142e+03
2.202281867700949078e+03
2.202760597014043014e+03
2.203239345326670446e+03
2.203718182060169056e+03
2.204197018793667667e+03
2.204675855527166277e+03
2.205154692267999053e+03
2.205633529001497664e+03
2.206112365734996274e+03
2.206591202468494885e+03
2.207070101313976920e+03
2.207549065077677369e+03
2.208028028841377818e+03
2.208506992605078267e+03
2.208985956372431247e+03
2.209464920136131695e+03
2.209943883899832144e+03
2.210422847663532593e+03
2.210901878013886744e+03
2.211380924881843384e+03
2.211859971749800025e+03
2.212339018617756665e+03
2.212818107510538539e+03
2.213297198304440826e+03
2.213776289098343113e+03
2.214255394265390350e+03
2.214734612089494476e+03
2.215213829913598602e+03
2.215693047737702727e+03
2.216172265558096115e+03
2.216651483382200240e+03
2.217130701206304366e+03
2.217609919030408491e+03
2.218089163864482543e+03
2.218568445183045696e+03
2.219047726501608850e+03
2.219527007820172003e+03
2.220006337545986753e+03
2.220485701968806097e+03
2.220965066391625442e+03
2.221444430814444786e+03
2.221923827574239112e+03
2.222403235923004104e+03
2.222882644271769095e+03
2.223362052620534087e+03
2.223841574547186610e+03
2.224321109926153440e+03
2.224800645305120270e+03
2.225280180750516593e+03
2.225759716129483422e+03
2.226239251508450252e+03
2.226718786887417082e+03
2.227198335411725566e+03
2.227677934326435206e+03
2.228157533241144847e+03
2.228637132155854488e+03
2.229116777041010209e+03
2.229596502985921688e+03
2.230076228930833167e+03
2.230555954875744646e+03
2.231035657999076648e+03
2.231515339935474913e+03
2.231995021871873178e+03
2.232474703808271443e+03
2.232954458259395324e+03
2.233434247698765830e+03
2.233914037138136337e+03
2.234393826577506843e+03
2.234873721523996210e+03
2.235353637993568555e+03
2.235833554463140899e+03
2.236313470932713244e+03
2.236793387457670178e+03
2.237273303927242523e+03
2.237753220396814868e+03
2.238233145969512407e+03
2.238713125974827562e+03
2.239193105980142718e+03
2.239673085985457874e+03
2.240153071782595362e+03
2.240633071273856331e+03
2.241113070765117300e+03
2.241593070256378269e+03
2.242073147480783518e+03
2.242553318010759540e+03
2.243033488540735561e+03
2.243513659070711583e+03
2.243993829648708925e+03
2.244474000178684946e+03
2.244954170708660968e+03
2.245434341238636989e+03
2.245914560526623973e+03
2.246394794592342805e+03
2.246875028658061638e+03
2.247355262723780470e+03
2.247835613980540074e+03
2.248315975076460745e+03
2.248796336172381416e+03
2.249276693753432482e+03
2.249757010799556156e+03
2.250237327845679829e+03
2.250717644891803502e+03
2.251197987163846847e+03
2.251678411754226545e+03
2.252158836344606243e+03
2.252639260934985941e+03
2.253119735222877352e+03
2.253600286843458889e+03
2.254080838464040426e+03
2.254561390084621962e+03
2.255041941742179915e+03
2.255522493362761452e+03
2.256003044983342988e+03
2.256483596603924525e+03
2.256964192940300563e+03
2.257444808096624911e+03
2.257925423252949258e+03
2.258406038409273606e+03
2.258886762685870053e+03
2.259367504872396239e+03
2.259848247058922425e+03
2.260328988513734657e+03
2.260809686609180062e+03
2.261290384704625467e+03
2.261771082800070872e+03
2.262251799318444682e+03
2.262732604999429896e+03
2.263213410680415109e+03
2.263694216361400322e+03
2.264175063669128576e+03
2.264655996380315628e+03
2.265136929091502680e+03
2.265617861802689731e+03
2.266098794539808296e+03
2.266579727250995347e+03
2.267060659962182399e+03
2.267541592673369450e+03
2.268022566058134544e+03
2.268503562305064406e+03
2.268984558551994269e+03
2.269465554798924131e+03
2.269946616969915340e+03
2.270427696114682476e+03
2.270908775259449612e+03
2.271389854404216749e+03
2.271870975556201302e+03
2.272352098833333002e+03
2.272833222110464703e+03
2.273314359030191554e+03
2.273795609337525093e+03
2.274276859644858632e+03
2.274758109952192171e+03
2.275239360196908819e+03
2.275720610504242359e+03
2.276201860811575898e+03
2.276683111118909437e+03
2.277164414736907929e+03
2.277645792074443307e+03
2.278127169411978684e+03
2.278608546749514062e+03
2.279089898562902818e+03
2.279571231726789847e+03
2.280052564890676877e+03
2.280533898054563906e+03
2.281015356626550783e+03
2.281496860994287999e+03
2.281978365362025215e+03
2.282459869729762431e+03
2.282941430427250452e+03
2.283422998289446696e+03
2.283904566151642939e+03
2.284386134021362523e+03
2.284867701883558766e+03
2.285349269745755009e+03
2.285830837607951253e+03
2.286312430955353193e+03
2.286794125847751275e+03
2.287275820740149356e+03
2.287757515632547438e+03
2.288239194771391340e+03
2.288720845490141073e+03
2.289202496208890807e+03
2.289684146927640541e+03
2.290165885416645324e+03
2.290647707339245244e+03
2.291129529261845164e+03
2.291611351184445084e+03
2.292093215563669219e+03
2.292575100980728166e+03
2.293056986397787114e+03
2.293538871814846061e+03
2.294020809714798816e+03
2.294502758667600574e+03
2.294984707620402332e+03
2.295466656573204091e+03
2.295948667808377650e+03
2.296430680255638435e+03
2.296912692702899221e+03
2.297394705224141944e+03
2.297876717671402730e+03
2.298358730118663516e+03
2.298840742565924302e+03
2.299322779386304319e+03
2.299804874690118595e+03
2.300286969993932871e+03
2.300769065297747147e+03
2.301251208905945532e+03
2.301733411919150967e+03
2.302215614932356402e+03
2.302697817945561837e+03
2.303180059375794372e+03
2.303662325883458834e+03
2.304144592391123297e+03
2.304626858898787759e+03
2.305109173847129568e+03
2.305591503890536842e+03
2.306073833933944115e+03
2.306556163977351389e+03
2.307038552263533347e+03
2.307520945801399648e+03
2.308003339339265949e+03
2.308485739041017951e+03
2.308968215394153958e+03
2.309450691747289966e+03
2.309933168100425974e+03
2.310415654548560269e+03
2.310898175116628408e+03
2.311380695684696548e+03
2.311863216252764687e+03
2.312345761380653130e+03
2.312828345484464080e+03
2.313310929588275030e+03
2.313793513692085980e+03
2.314276132173326914e+03
2.314758779771596892e+03
2.315241427369866869e+03
2.315724074968136847e+03
2.316206811278942041e+03
2.316689585907413857e+03
2.317172360535885673e+03
2.317655135164357489e+03
2.318137872046761913e+03
2.318620602419017814e+03
2.319103332791273715e+03
2.319586064238275867e+03
2.320068902402490494e+03
2.320551740566705121e+03
2.321034578730919748e+03
2.321517437955451896e+03
2.322000403149868362e+03
2.322483368344284827e+03
2.322966333538701292e+03
2.323449298700143117e+03
2.323932263894559583e+03
2.324415229088976048e+03
2.324898194283392513e+03
2.325381220206196303e+03
2.325864312430814607e+03
2.326347404655432911e+03
2.326830496880051214e+03
2.327313601247966290e+03
2.327796712669543922e+03
2.328279824091121554e+03
2.328762935512699187e+03
2.329246081965538906e+03
2.329729237684616237e+03
2.330212393403693568e+03
2.330695549122770899e+03
2.331178825106908334e+03
2.331662107856187504e+03
2.332145390605466673e+03
2.332628679908972117e+03
2.333112026193994097e+03
2.333595372479016078e+03
2.334078718764038058e+03
2.334562081432581181e+03
2.335045491212062188e+03
2.335528900991543196e+03
2.336012310771024204e+03
2.336495746943372069e+03
2.336979220258595888e+03
2.337462693573819706e+03
2.337946166889043525e+03
2.338429651094949804e+03
2.338913143565849168e+03
2.339396636036748532e+03
2.339880128507647896e+03
2.340363699421897763e+03
2.340847299767323420e+03
2.341330900112749077e+03
2.341814500458174734e+03
2.342298212916706689e+03
2.342781940292334184e+03
2.343265667667961679e+03
2.343749394988524728e+03
2.344233122364152223e+03
2.344716849739779718e+03
2.345200577115407214e+03
2.345684316834958736e+03
2.346168107705045259e+03
2.346651898575131781e+03
2.347135689445218304e+03
2.347619509383279365e+03
2.348103382903500460e+03
2.348587256423721556e+03
2.349071129943942651e+03
2.349555026025758707e+03
2.350038943926047068e+03
2.350522861826335429e+03
2.351006779726623790e+03
2.351490781914559193e+03
2.351974826845049392e+03
2.352458871775539592e+03
2.352942916706029791e+03
2.353426961651595775e+03
2.353911006582085975e+03
2.354395051512576174e+03
2.354879096443066373e+03
2.355363265329273418e+03
2.355847437289965455e+03
2.356331609250657493e+03
2.356815783742582425e+03
2.357299974817666225e+03
2.357784165892750025e+03
2.358268356967833824e+03
2.358752579091582447e+03
2.359236878082476323e+03
2.359721177073370200e+03
2.360205476064264076e+03
2.360689803258675965e+03
2.361174165785312653e+03
2.361658528311949340e+03
2.362142890838586027e+03
2.362627291383949341e+03
2.363111717405045056e+03
2.363596143426140770e+03
2.364080569447236485e+03
2.364565043510490796e+03
2.365049533067329321e+03
2.365534022624167847e+03
2.366018512181006372e+03
2.366503076981403865e+03
2.366987649105809396e+03
2.367472221230214927e+03
2.367956796398997540e+03
2.368441412944754120e+03
2.368926029490510700e+03
2.369410646036267281e+03
2.369895291137567256e+03
2.370380034713525674e+03
2.370864778289484093e+03
2.371349521865442512e+03
2.371834265515572042e+03
2.372319009091530461e+03
2.372803752667488880e+03
2.373288496243447298e+03
2.373773308043018915e+03
2.374258178649179172e+03
2.374743049255339429e+03
2.375227919861499686e+03
2.375712834545105579e+03
2.376197768687008647e+03
2.376682702828911715e+03
2.377167636970814783e+03
2.377652587255928665e+03
2.378137540429655928e+03
2.378622493603383191e+03
2.379107447307731491e+03
2.379592508479836397e+03
2.380077569651941303e+03
2.380562630824046209e+03
2.381047702187439427e+03
2.381532826854003360e+03
2.382017951520567294e+03
2.382503076187131228e+03
2.382988221050283755e+03
2.383473409252590500e+03
2.383958597454897244e+03
2.384443785657203989e+03
2.384929003876546631e+03
2.385414255573312403e+03
2.385899507270078175e+03
2.386384758966843947e+03
2.386870062647416489e+03
2.387355396870465484e+03
2.387840731093514478e+03
2.388326065316563472e+03
2.388811434523551725e+03
2.389296813250519335e+03
2.389782191977486946e+03
2.390267570704454556e+03
2.390753069039754337e+03
2.391238574796923785e+03
2.391724080554093234e+03
2.392209592544473708e+03
2.392695161837385967e+03
2.393180731130298227e+03
2.393666300423210487e+03
2.394151885778846918e+03
2.394637518566218205e+03
2.395123151353589492e+03
2.395608784140960779e+03
2.396094424755021464e+03
2.396580076532933163e+03
2.397065728310844861e+03
2.397551380088756559e+03
2.398037092958053108e+03
2.398522852775626234e+03
2.399008612593199359e+03
2.399494372410772485e+03
2.399980178116442403e+03
2.400466001469758339e+03
2.400951824823074276e+03
2.401437648176390212e+03
2.401923582986084512e+03
2.402409533369602286e+03
2.402895483753120061e+03
2.403381434096489102e+03
2.403867384480006876e+03
2.404353334863524651e+03
2.404839285247042426e+03
2.405325251253845636e+03
2.405811284081079066e+03
2.406297316908312496e+03
2.406783349735545926e+03
2.407269419956457568e+03
2.407755560864636209e+03
2.408241701772814849e+03
2.408727842680993490e+03
2.409214015513891354e+03
2.409700219957812806e+03
2.410186424401734257e+03
2.410672628845655709e+03
2.411158875027103932e+03
2.411645142965484411e+03
2.412131410903864889e+03
2.412617678842245368e+03
2.413103998543985654e+03
2.413590330018108943e+03
2.414076661492232233e+03
2.414562992966355523e+03
2.415049386003753170e+03
2.415535780972335488e+03
2.416022175940917805e+03
2.416508581368412706e+03
2.416995058780710679e+03
2.417481536193008651e+03
2.417968013605306624e+03
2.418454503536529955e+03
2.418941025535314111e+03
2.419427547534098267e+03
2.419914069532882422e+03
2.420400647255941294e+03
2.420887296284927288e+03
2.421373945313913282e+03
2.421860594342899276e+03
2.422347281171867508e+03
2.422833993736596312e+03
2.423320706301325117e+03
2.423807418866053922e+03
2.424294179039745359e+03
2.424780955098933191e+03
2.425267731158121023e+03
2.425754507217308856e+03
2.426241300402791239e+03
2.426728095328668132e+03
2.427214890254545026e+03
2.427701692014117725e+03
2.428188595103507396e+03
2.428675498192897066e+03
2.429162401282286737e+03
2.429649332189306733e+03
2.430136362308898242e+03
2.430623392428489751e+03
2.431110422548081260e+03
2.431597452675574459e+03
2.432084482795165968e+03
2.432571512914757477e+03
2.433058543034348986e+03
2.433545640639640624e+03
2.434032797789433971e+03
2.434519954939227318e+03
2.435007112089020666e+03
2.435494282182597090e+03
2.435981458157795714e+03
2.436468634132994339e+03
2.436955810108192964e+03
2.437443077376228757e+03
2.437930361556223943e+03
2.438417645736219129e+03
2.438904929916214314e+03
2.439392277546445257e+03
2.439879625220899470e+03
2.440366972895353683e+03
2.440854340394173050e+03
2.441341815098829102e+03
2.441829289803485153e+03
2.442316764508141205e+03
2.442804239287157543e+03
2.443291713991813594e+03
2.443779188696469646e+03
2.444266663401125697e+03
2.444754176685062703e+03
2.445241733709583059e+03
2.445729290734103415e+03
2.446216847758623771e+03
2.446704472353478195e+03
2.447192137624078896e+03
2.447679802894679597e+03
2.448167468165280297e+03
2.448655182931805030e+03
2.449142911696864758e+03
2.449630640461924486e+03
2.450118369226984214e+03
2.450606157518821419e+03
2.451093949819623958e+03
2.451581742120426497e+03
2.452069546093640383e+03
2.452557465424644761e+03
2.453045384755649138e+03
2.453533304086653516e+03
2.454021223399788141e+03
2.454509142730792519e+03
2.454997062061796896e+03
2.455484981392801274e+03
2.455972933971192106e+03
2.456460935580777004e+03
2.456948937190361903e+03
2.457436938799946802e+03
2.457925001021692879e+03
2.458413110877358122e+03
2.458901220733023365e+03
2.459389330588688608e+03
2.459877486007753760e+03
2.460365659399161814e+03
2.460853832790569868e+03
2.461342006181977922e+03
2.461830290369354771e+03
2.462318590790964663e+03
2.462806891212574556e+03
2.463295191605269792e+03
2.463783492026879685e+03
2.464271792448489578e+03
2.464760092870099470e+03
2.465248408452200238e+03
2.465736791111106868e+03
2.466225173770013498e+03
2.466713556428920128e+03
2.467201975956733804e+03
2.467690466903004562e+03
2.468178957849275321e+03
2.468667448795546079e+03
2.469155971341839177e+03
2.469644525823852746e+03
2.470133080305866315e+03
2.470621634787879884e+03
2.471110230682941619e+03
2.471598848659414216e+03
2.472087466635886813e+03
2.472576084612359409e+03
2.473064754027494928e+03
2.473553435539710335e+03
2.474042117051925743e+03
2.474530798564141151e+03
2.475019559364096494e+03
2.475508323072324856e+03
2.475997086780553218e+03
2.476485863596302806e+03
2.476974735633179080e+03
2.477463607670055353e+03
2.477952479706931626e+03
2.478441369380452670e+03
2.478930304953071754e+03
2.479419240525690839e+03
2.479908176098309923e+03
2.480397139129665447e+03
2.480886138196743559e+03
2.481375137263821671e+03
2.481864136330899782e+03
2.482353210294037126e+03
2.482842336391317076e+03
2.483331462488597026e+03
2.483820588585876976e+03
2.484309681285507395e+03
2.484798762548598461e+03
2.485287843811689527e+03
2.485776925074780593e+03
2.486266161208506674e+03
2.486755414335988462e+03
2.487244667463470250e+03
2.487733924264219240e+03
2.488223240927443840e+03
2.488712557590668439e+03
2.489201874253893038e+03
2.489691204421542352e+03
2.490180584579225979e+03
2.490669964736909606e+03
2.491159344894593232e+03
2.491648772041691700e+03
2.492138279229577165e+03
2.492627786417462630e+03
2.493117293605348095e+03
2.493606834222620819e+03
2.494096404946249095e+03
2.494585975669877371e+03
2.495075546393505647e+03
2.495565129750641063e+03
2.496054719093255699e+03
2.496544308435870335e+03
2.497033897778484970e+03
2.497523577887594001e+03
2.498013275641424116e+03
2.498502973395254230e+03
2.498992671149084345e+03
2.499482431947486475e+03
2.499972193195775617e+03
2.500461954444064759e+03
2.500951734775124351e+03
2.501441623053615331e+03
2.501931511332106311e+03
2.502421399610597291e+03
2.502911287893497501e+03
2.503401176171988482e+03
2.503891064450479462e+03
2.504380952728970442e+03
2.504870878986082971e+03
2.505360849378019338e+03
2.505850819769955706e+03
2.506340790161892073e+03
2.506830866808275459e+03
2.507321009147170116e+03
2.507811151486064773e+03
2.508301293824959430e+03
2.508791436160900048e+03
2.509281578499794705e+03
2.509771720838689362e+03
2.510261863177584019e+03
2.510752123722806573e+03
2.511242393091903068e+03
2.511732662460999563e+03
2.512222937329148408e+03
2.512713270192703931e+03
2.513203603056259453e+03
2.513693935919814976e+03
2.514184273366059642e+03
2.514674624807317741e+03
2.515164976248575840e+03
2.515655327689833939e+03
2.516145722326895338e+03
2.516636182220652699e+03
2.517126642114410060e+03
2.517617102008167421e+03
2.518107632446917705e+03
2.518598219370876905e+03
2.519088806294836104e+03
2.519579393218795303e+03
2.520070025377775892e+03
2.520560675837477902e+03
2.521051326297179912e+03
2.521541976756881922e+03
2.522032682255783584e+03
2.522523396209944622e+03
2.523014110164105659e+03
2.523504826086456887e+03
2.523995622071495745e+03
2.524486418056534603e+03
2.524977214041573461e+03
2.525468018112820573e+03
2.525958859097183449e+03
2.526449700081546325e+03
2.526940541065909201e+03
2.527431424688620609e+03
2.527922392703185324e+03
2.528413360717750038e+03
2.528904328732314752e+03
2.529395328018523287e+03
2.529886359568830812e+03
2.530377391119138338e+03
2.530868422669445863e+03
2.531359536444986588e+03
2.531850695025495952e+03
2.532341853606005316e+03
2.532833012186514679e+03
2.533324221762944944e+03
2.533815443837913335e+03
2.534306665912881726e+03
2.534797887987850117e+03
2.535289066877186997e+03
2.535780243911547586e+03
2.536271420945908176e+03
2.536762625261791982e+03
2.537254037902705022e+03
2.537745450543618063e+03
2.538236863184531103e+03
2.538728275785673759e+03
2.539219688426586799e+03
2.539711101067499840e+03
2.540202513708412880e+03
2.540693980667914730e+03
2.541185520339029608e+03
2.541677060010144487e+03
2.542168599681259366e+03
2.542660176393983420e+03
2.543151779559557326e+03
2.543643382725131232e+03
2.544134985890705138e+03
2.544626602750213351e+03
2.545118224369638483e+03
2.545609845989063615e+03
2.546101467608488747e+03
2.546593243394861929e+03
2.547085037126380485e+03
2.547576830857899040e+03
2.548068627850967459e+03
2.548560485076945042e+03
2.549052342302922625e+03
2.549544199528900208e+03
2.550036070017245947e+03
2.550527990778966341e+03
2.551019911540686735e+03
2.551511832302407129e+03
2.552003776151424972e+03
2.552495760407604394e+03
2.552987744663783815e+03
2.553479728919963236e+03
2.553971755841615959e+03
2.554463822004821850e+03
2.554955888168027741e+03
2.555447954331233632e+03
2.555940094013421913e+03
2.556432268835545983e+03
2.556924443657670054e+03
2.557416618479794124e+03
2.557908846103615360e+03
2.558401084420198458e+03
2.558893322736781556e+03
2.559385561053364654e+03
2.559877862204681151e+03
2.560370164057007059e+03
2.560862465909332968e+03
2.561354786099152989e+03
2.561847214981680736e+03
2.562339643864208483e+03
2.562832072746736230e+03
2.563324507077777525e+03
2.563816954290305148e+03
2.564309401502832770e+03
2.564801848715360393e+03
2.565294374623335898e+03
2.565786994030524511e+03
2.566279613437713124e+03
2.566772232844901737e+03
2.567264891202285071e+03
2.567757574145216495e+03
2.568250257088147919e+03
2.568742940031079343e+03
2.569235671732429182e+03
2.569728418169819633e+03
2.570221164607210085e+03
2.570713911044600536e+03
2.571206716232627514e+03
2.571699526164476993e+03
2.572192336096326471e+03
2.572685156449908391e+03
2.573178093411959708e+03
2.573671030374011025e+03
2.574163967336062342e+03
2.574656893642910291e+03
2.575149785440502455e+03
2.575642677238094620e+03
2.576135569035686785e+03
2.576628553506452590e+03
2.577121681034448557e+03
2.577614808562444523e+03
2.578107936090440489e+03
2.578601063608308323e+03
2.579094191136304289e+03
2.579587318664300255e+03
2.580080446192296222e+03
2.580573663352202857e+03
2.581066917910400662e+03
2.581560172468598466e+03
2.582053427026796271e+03
2.582546736292351852e+03
2.583040054345008684e+03
2.583533372397665516e+03
2.584026691984210629e+03
2.584520091820042580e+03
2.585013491655874532e+03
2.585506891491706483e+03
2.586000310297982651e+03
2.586493818916584132e+03
2.586987327535185614e+03
2.587480836153787095e+03
2.587974365699687041e+03
2.588467937812747550e+03
2.588961509925808059e+03
2.589455082038868568e+03
2.589948685091512743e+03
2.590442320740316063e+03
2.590935956389119383e+03
2.591429592037922703e+03
2.591923309244186385e+03
2.592417071923191543e+03
2.592910834602196701e+03
2.593404597281201859e+03
2.593898374500029604e+03
2.594392155426467070e+03
2.594885936352904537e+03
2.595379717279342003e+03
2.595873662510071881e+03
2.596367615713737905e+03
2.596861568917403929e+03
2.597355529176114942e+03
2.597849545915523777e+03
2.598343562654932612e+03
2.598837579394341446e+03
2.599331613017769996e+03
2.599825693251637858e+03
2.600319773485505721e+03
2.600813853719373583e+03
2.601307960846927017e+03
2.601802104616537690e+03
2.602296248386148363e+03
2.602790392155759037e+03
2.603284583172498969e+03
2.603778808642717195e+03
2.604273034112935420e+03
2.604767259583153646e+03
2.605261564982996788e+03
2.605755899277268327e+03
2.606250233571539866e+03
2.606744567865811405e+03
2.607239015343890060e+03
2.607733476668363437e+03
2.608227937992836814e+03
2.608722402326457086e+03
2.609216927186673274e+03
2.609711452046889463e+03
2.610205976907105651e+03
2.610700514608062804e+03
2.611195102962738019e+03
2.611689691317413235e+03
2.612184279672088451e+03
2.612678890874551143e+03
2.613173542764969170e+03
2.613668194655387197e+03
2.614162846545805223e+03
2.614657540463667829e+03
2.615152274013409624e+03
2.615647007563151419e+03
2.616141741112893214e+03
2.616636590321082622e+03
2.617131496271904325e+03
2.617626402222726028e+03
2.618121308173547732e+03
2.618616214062698418e+03
2.619111120013520122e+03
2.619606025964341825e+03
2.620100931915163528e+03
2.620595962730032625e+03
2.621090995711056166e+03
2.621586028692079708e+03
2.622081079339142889e+03
2.622576239350368269e+03
2.623071399361593649e+03
2.623566559372819029e+03
2.624061724662577035e+03
2.624556902756099589e+03
2.625052080849622143e+03
2.625547258943144698e+03
2.626042486253383686e+03
2.626537773294810904e+03
2.627033060336238123e+03
2.627528347377665341e+03
2.628023672930954490e+03
2.628519023466840736e+03
2.629014374002726981e+03
2.629509724538613227e+03
2.630005172109405976e+03
2.630500649675494060e+03
2.630996127241582144e+03
2.631491604807670228e+03
2.631987140788871329e+03
2.632482681849418441e+03
2.632978222909965552e+03
2.633473770263255574e+03
2.633969392941842671e+03
2.634465015620429767e+03
2.634960638299016864e+03
2.635456286179309245e+03
2.635952017805801006e+03
2.636447749432292767e+03
2.636943481058784528e+03
2.637439261977662682e+03
2.637935120634356281e+03
2.638430979291049880e+03
2.638926837947743479e+03
2.639422731150523759e+03
2.639918653301676386e+03
2.640414575452829013e+03
2.640910497603981639e+03
2.641406464322353713e+03
2.641902450009249151e+03
2.642398435696144588e+03
2.642894421383040026e+03
2.643390422509139171e+03
2.643886426237047999e+03
2.644382429964956827e+03
2.644878435766979237e+03
2.645374611978535540e+03
2.645870788190091844e+03
2.646366964401648147e+03
2.646863162076449953e+03
2.647359465318208095e+03
2.647855768559966236e+03
2.648352071801724378e+03
2.648848395726163290e+03
2.649344762503664242e+03
2.649841129281165195e+03
2.650337496058666147e+03
2.650833893338975031e+03
2.651330323610935011e+03
2.651826753882894991e+03
2.652323184154854971e+03
2.652819695390324341e+03
2.653316252692486160e+03
2.653812809994647978e+03
2.654309367296809796e+03
2.654805938923556823e+03
2.655302514225448249e+03
2.655799089527339675e+03
2.656295664829231100e+03
2.656792343555192929e+03
2.657289027887556585e+03
2.657785712219920242e+03
2.658282409941079095e+03
2.658779221303644590e+03
2.659276032666210085e+03
2.659772844028775580e+03
2.660269672028123750e+03
2.660766546926432056e+03
2.661263421824740362e+03
2.661760296723048668e+03
2.662257224597036839e+03
2.662754226525546983e+03
2.663251228454057127e+03
2.663748230382567272e+03
2.664245242543373024e+03
2.664742262389045209e+03
2.665239282234717393e+03
2.665736302080389578e+03
2.666233447841877933e+03
2.666730640295048943e+03
2.667227832748219953e+03
2.667725025201390963e+03
2.668222273942548782e+03
2.668719529931462603e+03
2.669216785920376424e+03
2.669714044499793090e+03
2.670211363983165938e+03
2.670708683466538787e+03
2.671206002949911635e+03
2.671703347579823458e+03
2.672200794093398144e+03
2.672698240606972831e+03
2.673195687120547518e+03
2.673693162468669470e+03
2.674190690393865225e+03
2.674688218319060979e+03
2.675185746244256734e+03
2.675683329804189270e+03
2.676180966883708606e+03
2.676678603963227943e+03
2.677176241042747279e+03
2.677673920338202151e+03
2.678171620912180515e+03
2.678669321486158879e+03
2.679167022060137242e+03
2.679664774876204319e+03
2.680162538985925494e+03
2.680660303095646668e+03
2.681158067205367843e+03
2.681656017610846902e+03
2.682153972245228942e+03
2.682651926879610983e+03
2.683149875390678062e+03
2.683647784365195548e+03
2.684145693339713034e+03
2.684643602314230520e+03
2.685141561398137128e+03
2.685639643062721007e+03
2.686137724727304885e+03
2.686635806391888764e+03
2.687133944748173235e+03
2.687632153442958952e+03
2.688130362137744669e+03
2.688628570832530386e+03
2.689126817777476390e+03
2.689625089966721134e+03
2.690123362155965879e+03
2.690621634345210623e+03
2.691119954808149487e+03
2.691618290533137042e+03
2.692116626258124597e+03
2.692614961983112153e+03
2.693113413900064188e+03
2.693611876655253582e+03
2.694110339410442975e+03
2.694608807921686093e+03
2.695107352005928988e+03
2.695605896090171882e+03
2.696104440174414776e+03
2.696602994545974070e+03
2.697101584331365302e+03
2.697600174116756534e+03
2.698098763902147766e+03
2.698597426610387629e+03
2.699096206920439727e+03
2.699594987230491824e+03
2.700093767540543922e+03
2.700592582157230936e+03
2.701091426003025845e+03
2.701590269848820753e+03
2.702089113694615662e+03
2.702588001658325084e+03
2.703086908998579020e+03
2.703585816338832956e+03
2.704084723679086892e+03
2.704583700276052696e+03
2.705082688904076349e+03
2.705581677532100002e+03
2.706080666928202845e+03
2.706579764834401431e+03
2.707078862740600016e+03
2.707577960646798601e+03
2.708077079259921447e+03
2.708576304196321871e+03
2.709075529132722295e+03
2.709574754069122719e+03
2.710073999254411319e+03
2.710573287685270770e+03
2.711072576116130222e+03
2.711571864546989673e+03
2.712071213430346688e+03
2.712570628891407978e+03
2.713070044352469267e+03
2.713569459813530557e+03
2.714068886507302523e+03
2.714568319679106935e+03
2.715067752850911347e+03
2.715567186022715759e+03
2.716066755375766661e+03
2.716566361402772600e+03
2.717065967429778539e+03
2.717565573456784477e+03
2.718065239358111285e+03
2.718564908879576251e+03
2.719064578401041217e+03
2.719564260632483638e+03
2.720064057184150442e+03
2.720563853735817247e+03
2.721063650287484052e+03
2.721563463132828474e+03
2.722063323220238090e+03
2.722563183307647705e+03
2.723063043395057321e+03
2.723562936879898189e+03
2.724062878131226171e+03
2.724562819382554153e+03
2.725062760633882135e+03
2.725562764017100562e+03
2.726062814629171044e+03
2.726562865241241525e+03
2.727062915853312006e+03
2.727563058463041671e+03
2.728063236105313990e+03
2.728563413747586310e+03
2.729063591389858630e+03
2.729563824977012700e+03
2.730064066155027831e+03
2.730564307333042962e+03
2.731064553065400105e+03
2.731564921273617074e+03
2.732065289481834043e+03
2.732565657690051012e+03
2.733066050284804078e+03
2.733566545523222885e+03
2.734067040761641692e+03
2.734567536000060500e+03
2.735068037304430618e+03
2.735568550129741197e+03
2.736069062955051777e+03
2.736569575780362356e+03
2.737070167016616324e+03
2.737570835192804225e+03
2.738071503368992126e+03
2.738572171545180026e+03
2.739072862915665610e+03
2.739573566265637055e+03
2.740074269615608500e+03
2.740574972965579946e+03
2.741075780119790579e+03
2.741576610499963863e+03
2.742077440880137146e+03
2.742578271260310430e+03
2.743079252769544837e+03
2.743580238541879226e+03
2.744081224314213614e+03
2.744582214589987416e+03
2.745083235494821565e+03
2.745584256399655715e+03
2.746085277304489864e+03
2.746586342493887059e+03
2.747087518832166097e+03
2.747588695170445135e+03
2.748089871508724173e+03
2.748591063286468852e+03
2.749092274715963867e+03
2.749593486145458883e+03
2.750094697574953898e+03
2.750595946940156864e+03
2.751097221864110907e+03
2.751598496788064949e+03
2.752099771712018992e+03
2.752601211608387530e+03
2.753102705542813055e+03
2.753604199477238581e+03
2.754105693411664106e+03
2.754607219197612721e+03
2.755108748181970441e+03
2.755610277166328160e+03
2.756111816272605211e+03
2.756613500772975385e+03
2.757115185273345560e+03
2.757616869773715734e+03
2.758118547917430988e+03
2.758620203931990545e+03
2.759121859946550103e+03
2.759623515961109661e+03
2.760125243833215791e+03
2.760627090372436214e+03
2.837271301453467458e+03
2.837769283656059997e+03
2.838267323896434391e+03
2.838765364136808785e+03
2.839263404377183178e+03
2.839761472464131657e+03
2.840259546385903377e+03
2.840757620307675097e+03
2.841255694229446817e+03
2.841753825607243925e+03
2.842251962016336620e+03
2.842750098425429314e+03
2.843248237816791516e+03
2.843746590615657624e+03
2.844244943414523732e+03
2.844743296213389840e+03
2.845241652702505235e+03
2.845740039142139722e+03
2.846238425581774209e+03
2.846736812021408696e+03
2.847235242121445481e+03
2.847733844991482329e+03
2.848232447861519177e+03
2.848731050731556024e+03
2.849229644997685682e+03
2.849728218939912040e+03
2.850226792882138398e+03
2.850725366824364755e+03
2.851223989503720077e+03
2.851722688420588383e+03
2.852221387337456690e+03
2.852720086254324997e+03
2.853218890072079375e+03
2.853717805500607938e+03
2.854216720929136500e+03
2.854715636357665062e+03
2.855214571185177192e+03
2.855713520132587291e+03
2.856212469079997391e+03
2.856711418027407490e+03
2.857210470537364017e+03
2.857709573509113397e+03
2.858208676480862778e+03
2.858707779452612158e+03
2.859206956029054709e+03
2.859706154966377653e+03
2.860205353903700598e+03
2.860704552841023542e+03
2.861203751800348982e+03
2.861702950737671927e+03
2.862202149674994871e+03
2.862701348612317815e+03
2.863200814096082468e+03
2.863700292154273484e+03
2.864199770212464500e+03
2.864699249866651371e+03
2.865198761321837083e+03
2.865698272777022794e+03
2.866197784232208505e+03
2.866697317751590163e+03
2.867196983353001997e+03
2.867696648954413831e+03
2.868196314555825666e+03
2.868695988017716445e+03
2.869195686975494027e+03
2.869695385933271609e+03
2.870195084891049191e+03
2.870694855698267929e+03
2.871194771330221556e+03
2.871694686962175183e+03
2.872194602594128810e+03
2.872694505802413914e+03
2.873194392262783367e+03
2.873694278723152820e+03
2.874194165183522273e+03
2.874694116652535740e+03
2.875194128128176089e+03
2.875694139603816438e+03
2.876194151079456788e+03
2.876694333926425315e+03
2.877194624644820578e+03
2.877694915363215841e+03
2.878195206081611104e+03
2.878695431780826766e+03
2.879195630759058986e+03
2.879695829737291206e+03
2.880196028715523425e+03
2.880696451712399721e+03
2.881196929974015802e+03
2.881697408235631883e+03
2.882197886497247964e+03
2.882698394485400058e+03
2.883198905940866098e+03
2.883699417396332137e+03
2.884199928851798177e+03
2.884700502321589738e+03
2.885201076305005699e+03
2.885701650288421661e+03
2.886202242565515917e+03
2.886703033385623712e+03
2.887203824205731507e+03
2.887704615025839303e+03
2.888205411763221491e+03
2.888706235736550298e+03
2.889207059709879104e+03
2.889707883683207911e+03
2.890208766874129651e+03
2.890709807724779239e+03
2.891210848575428827e+03
2.891711889426078415e+03
2.892212942522106459e+03
2.892714016525977058e+03
2.893215090529847657e+03
2.893716164533718256e+03
2.894217267294065095e+03
2.894718403785256669e+03
2.895219540276448242e+03
2.895720676767639816e+03
2.896221933690103469e+03
2.896723287139873719e+03
2.897224640589643968e+03
2.897725994039414218e+03
2.898227368877094705e+03
2.898728755358199123e+03
2.899230141839303542e+03
2.899731528320407961e+03
2.900233076198783237e+03
2.900734679679095279e+03
2.901236283159407321e+03
2.901737886639719363e+03
2.902239517813082784e+03
2.902741154324728996e+03
2.903242790836375207e+03
2.903744427348021418e+03
2.904246180279529653e+03
2.904747941765817814e+03
2.905249703252105974e+03
2.905751468784175813e+03
2.906253384822979569e+03
2.906755300861783326e+03
2.907257216900587082e+03
2.907759144462179393e+03
2.908261155979009345e+03
2.908763167495839298e+03
2.909265179012669250e+03
2.909767223604052560e+03
2.910269389714027056e+03
2.910771555824001553e+03
2.911273721933976049e+03
2.911775898160500219e+03
2.912278097179922042e+03
2.912780296199343866e+03
2.913282495218765689e+03
2.913784744536620565e+03
2.914287068571313284e+03
2.914789392606006004e+03
2.915291716640698723e+03
2.915794148399931146e+03
2.916296689596347278e+03
2.916799230792763410e+03
2.917301771989179542e+03
2.917804295578534948e+03
2.918306807115819538e+03
2.918809318653104128e+03
2.919311830190388719e+03
2.919814533191150986e+03
2.920317324418108910e+03
2.920820115645066835e+03
2.921322906872024760e+03
2.921825723655521870e+03
2.922328547670040280e+03
2.922831371684558690e+03
2.923334195699077100e+03
2.923837074358627433e+03
2.924339960901095765e+03
2.924842847443564096e+03
2.925345733986032428e+03
2.925848830554517917e+03
2.926351934339967556e+03
2.926855038125417195e+03
2.927358143954537809e+03
2.927861280486918986e+03
2.928364417019300163e+03
2.928867553551681340e+03
2.929370723869098583e+03
2.929874077725718962e+03
2.930377431582339341e+03
2.930880785438959720e+03
2.931384147411823506e+03
2.931887533934117528e+03
2.932390920456411550e+03
2.932894306978705572e+03
2.933397736551240087e+03
2.933901248088805005e+03
2.934404759626369923e+03
2.934908271163934842e+03
2.935411877854145132e+03
2.935915606756578200e+03
2.936419335659011267e+03
2.936923064561444335e+03
2.937426810901175486e+03
2.937930572428653250e+03
2.938434333956131013e+03
2.938938095483608777e+03
2.939441954079782590e+03
2.939945870525436476e+03
2.940449786971090361e+03
2.940953703416744247e+03
2.941457688458671328e+03
2.941961700016690884e+03
2.942465711574710440e+03
2.942969723132729996e+03
2.943473836493387353e+03
2.943977973066677805e+03
2.944482109639968257e+03
2.944986246213258710e+03
2.945490523470100015e+03
2.945994815002195537e+03
2.946499106534291059e+03
2.947003398179658689e+03
2.947507722255541012e+03
2.948012046331423335e+03
2.948516370407305658e+03
2.949020721501641674e+03
2.949525325592228910e+03
2.950029929682816146e+03
2.950534533773403382e+03
2.951039132164849434e+03
2.951543706230644602e+03
2.952048280296439771e+03
2.952552854362234939e+03
2.953057490458188113e+03
2.953562282091996167e+03
2.954067073725804221e+03
2.954571865359612275e+03
2.955076693067443557e+03
2.955581579651101492e+03
2.956086466234759428e+03
2.956591352818417363e+03
2.957096268949215300e+03
2.957601218020194210e+03
2.958106167091173120e+03
2.958611116162152030e+03
2.959116188728017733e+03
2.959621355448267423e+03
2.960126522168517113e+03
2.960631688888766803e+03
2.961136877005337738e+03
2.961642076066229492e+03
2.962147275127121247e+03
2.962652474188013002e+03
2.963157837840408320e+03
2.963663254591199802e+03
2.964168671341991285e+03
2.964674088092782767e+03
2.965179532414913410e+03
2.965684981506346958e+03
2.966190430597780505e+03
2.966695879689214053e+03
2.967201446790480986e+03
2.967707020897185430e+03
2.968212595003889874e+03
2.968718177308066515e+03
2.969223969145299634e+03
2.969729760982532753e+03
2.970235552819765871e+03
2.970741348969197134e+03
2.971247173065814422e+03
2.971752997162431711e+03
2.972258821259049000e+03
2.972764708797447383e+03
2.973270813193172216e+03
2.973776917588897049e+03
2.974283021984621882e+03
2.974789116714149714e+03
2.975295190800679848e+03
2.975801264887209982e+03
2.976307338973740116e+03
2.976813464965933235e+03
2.977319664067734266e+03
2.977825863169535296e+03
2.978332062271336326e+03
2.978838372198981233e+03
2.979344789193826728e+03
2.979851206188672222e+03
2.980357623183517717e+03
2.980864059462910518e+03
2.981370508554624394e+03
2.981876957646338269e+03
2.982383406738052145e+03
2.982890007795765996e+03
2.983396674821153283e+03
2.983903341846540570e+03
2.984410008871927857e+03
2.984916701310954522e+03
2.985423400433210190e+03
2.985930099555465858e+03
2.986436798677721526e+03
2.986943663783487864e+03
2.987450550408335403e+03
2.987957437033182941e+03
2.988464323658030480e+03
2.988971362517680973e+03
2.989478404629509896e+03
2.989985446741338819e+03
2.990492491187411360e+03
2.990999565314850770e+03
2.991506639442290179e+03
2.992013713569729589e+03
2.992520834706781898e+03
2.993028189377102535e+03
2.993535544047423173e+03
2.994042898717743810e+03
2.994550245373218786e+03
2.995057569490571041e+03
2.995564893607923295e+03
2.996072217725275550e+03
2.996579608643078245e+03
2.997087120263022371e+03
2.997594631882966496e+03
2.998102143502910621e+03
2.998609725177520886e+03
2.999117392406333238e+03
2.999625059635145590e+03
3.000132726863957942e+03
3.000640445515979081e+03
3.001148207166464999e+03
3.001655968816950917e+03
3.002163730467436835e+03
3.002671631300268928e+03
3.003179611087572994e+03
3.003687590874877060e+03
3.004195570662181126e+03
3.004703528042737162e+03
3.005211477195814950e+03
3.005719426348892739e+03
3.006227375501970528e+03
3.006735479616327211e+03
3.007243616271996871e+03
3.007751752927666530e+03
3.008259889583336189e+03
3.008768227075313916e+03
3.009276581949059619e+03
3.009784936822805321e+03
3.010293292181362631e+03
3.010801678826945135e+03
3.011310065472527640e+03
3.011818452118110145e+03
3.012326862563844770e+03
3.012835467508761212e+03
3.013344072453677654e+03
3.013852677398594096e+03
3.014361301441560499e+03
3.014870000605005771e+03
3.015378699768451042e+03
3.015887398931896314e+03
3.016396116660820553e+03
3.016904878311586799e+03
3.017413639962353045e+03
3.017922401613119291e+03
3.018431273160735145e+03
3.018940315679414198e+03
3.019449358198093250e+03
3.019958400716772303e+03
3.020467428253439721e+03
3.020976439934747759e+03
3.021485451616055798e+03
3.021994463297363836e+03
3.022503637692832854e+03
3.023012930242053699e+03
3.023522222791274544e+03
3.024031515340495389e+03
3.024540829273639247e+03
3.025050153432181105e+03
3.025559477590722963e+03
3.026068801749264821e+03
3.026578221972566098e+03
3.027087671146378852e+03
3.027597120320191607e+03
3.028106569494004361e+03
3.028616206942882854e+03
3.029125874578545336e+03
3.029635542214207817e+03
3.030145209849870298e+03
3.030654907677613664e+03
3.031164606841339264e+03
3.031674306005064864e+03
3.032184019338397775e+03
3.032693999532551970e+03
3.033203979726706166e+03
3.033713959920860361e+03
3.034223935694433749e+03
3.034733884888701141e+03
3.035243834082968533e+03
3.035753783277235925e+03
3.036263799498730805e+03
3.036774029764055740e+03
3.037284260029380675e+03
3.037794490294705611e+03
3.038304731023381464e+03
3.038814992735511623e+03
3.039325254447641782e+03
3.039835516159771942e+03
3.040345831166952848e+03
3.040856217853724957e+03
3.041366604540497065e+03
3.041876991227269173e+03
3.042387491838366259e+03
3.042898097190132830e+03
3.043408702541899402e+03
3.043919307893665973e+03
3.044429970949073322e+03
3.044940670153708197e+03
3.045451369358343072e+03
3.045962068562977947e+03
3.046472878531552851e+03
3.046983733913861215e+03
3.047494589296169579e+03
3.048005444678477943e+03
3.048516375495411921e+03
3.049027324689959642e+03
3.049538273884507362e+03
3.050049223079055082e+03
3.050560284552222583e+03
3.051071358762041200e+03
3.051582432971859816e+03
3.052093507181678433e+03
3.052604860268766060e+03
3.053116215752786957e+03
3.053627571236807853e+03
3.054138924076221883e+03
3.054650248316582292e+03
3.055161572556942701e+03
3.055672896797303110e+03
3.056184271541889757e+03
3.056695877097081393e+03
3.057207482652273029e+03
3.057719088207464665e+03
3.058230702276836382e+03
3.058742338994430611e+03
3.059253975712024840e+03
3.059765612429619068e+03
3.060277295218082145e+03
3.060789056950947270e+03
3.061300818683812395e+03
3.061812580416677520e+03
3.062324443285353482e+03
3.062836423926986754e+03
3.063348404568620026e+03
3.063860385210253298e+03
3.064372417883016169e+03
3.064884492133744061e+03
3.065396566384471953e+03
3.065908640635199845e+03
3.066420816577738151e+03
3.066933047249913216e+03
3.067445277922088280e+03
3.067957508594263345e+03
3.068469855537172407e+03
3.068982242265134118e+03
3.069494628993095830e+03
3.070007015721057542e+03
3.070519454966590274e+03
3.071031904222501907e+03
3.071544353478413541e+03
3.072056802734325174e+03
3.072569456198485568e+03
3.073082124444423243e+03
3.073594792690360919e+03
3.074107463558088057e+03
3.074620225331862457e+03
3.075132987105636857e+03
3.075645748879411258e+03
3.076158537096169312e+03
3.076671517941227648e+03
3.077184498786285985e+03
3.077697479631344322e+03
3.078210480556852417e+03
3.078723554807860637e+03
3.079236629058868857e+03
3.079749703309877077e+03
3.080262796949595213e+03
3.080775933728553355e+03
3.081289070507511497e+03
3.081802207286469638e+03
3.082315457584918477e+03
3.082828876003739424e+03
3.083342294422560371e+03
3.083855712841381319e+03
3.084369177747343201e+03
3.084882689531485084e+03
3.085396201315626968e+03
3.085909713099768851e+03
3.086423317554115783e+03
3.086936986044107471e+03
3.087450654534099158e+03
3.087964323024090845e+03
3.088478055458574090e+03
3.088991817232628819e+03
3.089505579006683547e+03
3.090019340780738275e+03
3.090533200088073500e+03
3.091047086877399124e+03
3.091560973666724749e+03
3.092074860456050374e+03
3.092588993481826037e+03
3.093103162073530257e+03
3.093617330665234476e+03
3.094131499256938696e+03
3.094645697491010651e+03
3.095159896757570095e+03
3.095674096024129540e+03
3.096188309040211607e+03
3.096702727662457619e+03
3.097217146284703631e+03
3.097731564906949643e+03
3.098245988357899478e+03
3.098760437655000715e+03
3.099274886952101951e+03
3.099789336249203188e+03
3.100303832538425922e+03
3.100818469338119030e+03
3.101333106137812138e+03
3.101847742937505245e+03
3.102362455334310653e+03
3.102877311570948223e+03
3.103392167807585793e+03
3.103907024044223363e+03
3.104421921076136641e+03
3.104936870393692516e+03
3.105451819711248390e+03
3.105966769028804265e+03
3.106481801939895377e+03
3.106996908207074739e+03
3.107512014474254102e+03
3.108027120741433464e+03
3.108542324607842602e+03
3.109057586402632296e+03
3.109572848197421990e+03
3.110088109992211685e+03
3.110603416955273133e+03
3.111118741278012749e+03
3.111634065600752365e+03
3.112149389923491981e+03
3.112664944126736373e+03
3.113180550495628268e+03
3.113696156864520162e+03
3.114211763233412057e+03
3.114727397296985146e+03
3.115243034096958581e+03
3.115758670896932017e+03
3.116274308784661116e+03
3.116790227712044725e+03
3.117306146639428334e+03
3.117822065566811943e+03
3.118337987510283710e+03
3.118853936828119913e+03
3.119369886145956116e+03
3.119885835463792318e+03
3.120401838986901566e+03
3.120918070472776890e+03
3.121434301958652213e+03
3.121950533444527537e+03
3.122466773683670908e+03
3.122983035519369878e+03
3.123499297355068848e+03
3.124015559190767817e+03
3.124531868572521489e+03
3.125048255423491355e+03
3.125564642274461221e+03
3.126081029125431087e+03
3.126597549767640885e+03
3.127114218867907766e+03
3.127630887968174648e+03
3.128147557068441529e+03
3.128664243324252311e+03
3.129180942652455997e+03
3.129697641980659682e+03
3.130214341308863368e+03
3.130731186342047295e+03
3.131248105472855968e+03
3.131765024603664642e+03
3.132281943734473316e+03
3.132798933110927464e+03
3.133315944956993917e+03
3.133832956803060370e+03
3.134349968649126822e+03
3.134867140080779791e+03
3.135384339429438114e+03
3.135901538778096437e+03
3.136418738126754761e+03
3.136936145258019678e+03
3.137453564490540884e+03
3.137970983723062091e+03
3.138488404194067698e+03
3.139005853573267814e+03
3.139523302952467930e+03
3.140040752331668045e+03
3.140558239268895704e+03
3.141075971059908625e+03
3.141593702850921545e+03
3.142111434641934466e+03
3.142629173355817329e+03
3.143146935212251265e+03
3.143664697068685200e+03
3.144182458925119136e+03
3.144700281135621481e+03
3.145218230494647287e+03
3.145736179853673093e+03
3.146254129212698899e+03
3.146772170048672706e+03
3.147290339454077184e+03
3.147808508859481663e+03
3.148326678264886141e+03
3.148844862943049520e+03
3.149363062332617119e+03
3.149881261722184718e+03
3.150399461111752316e+03
3.150917868854361586e+03
3.151436413346207701e+03
3.151954957838053815e+03
3.152473502329899929e+03
3.152992023980215890e+03
3.153510535847017309e+03
3.154029047713818727e+03
3.154547559580620145e+03
3.155066220104752574e+03
3.155584919514774811e+03
3.156103618924797047e+03
3.156622318334819283e+03
3.157141268128470983e+03
3.157660250194079708e+03
3.158179232259688433e+03
3.158698214325297158e+03
3.159217225644853897e+03
3.159736237532109953e+03
3.160255249419366010e+03
3.160774282408645377e+03
3.161293577032745816e+03
3.161812871656846255e+03
3.162332166280946694e+03
3.162851465972140431e+03
3.163370790377259254e+03
3.163890114782378078e+03
3.164409439187496901e+03
3.164928812882659258e+03
3.165448324790369952e+03
3.165967836698080646e+03
3.166487348605791340e+03
3.167006939116283320e+03
3.167526671354775317e+03
3.168046403593267314e+03
3.168566135831759311e+03
3.169085909611603711e+03
3.169605734037177172e+03
3.170125558462750632e+03
3.170645382888324093e+03
3.171165361469989875e+03
3.171685468754294561e+03
3.172205576038599247e+03
3.172725683322903933e+03
3.173245809615298640e+03
3.173765946518105920e+03
3.174286083420913201e+03
3.174806220323720481e+03
3.175326449006795883e+03
3.175846710924874060e+03
3.176366972842952237e+03
3.176887234761030413e+03
3.177407730837119743e+03
3.177928275735815987e+03
3.178448820634512231e+03
3.178969365533208475e+03
3.179489995238574920e+03
3.180010632161836838e+03
3.180531269085098756e+03
3.181051909527217504e+03
3.181572766984405462e+03
3.182093624441593420e+03
3.182614481898781378e+03
3.183135349493997637e+03
3.183656298935122322e+03
3.184177248376247007e+03
3.184698197817371693e+03
3.185219172782555688e+03
3.185740247238951270e+03
3.186261321695346851e+03
3.186782396151742432e+03
3.187303554924204946e+03
3.187824912483105436e+03
3.188346270042005926e+03
3.188867627600906417e+03
3.189389021232724190e+03
3.189910470694303513e+03
3.190431920155882835e+03
3.190953369617462158e+03
3.191474926370225148e+03
3.191996596487617353e+03
3.192518266605009558e+03
3.193039936722401762e+03
3.193561660226550885e+03
3.194083422205992974e+03
3.194605184185435064e+03
3.195126946164877154e+03
3.195648834592953790e+03
3.196170784074987751e+03
3.196692733557021711e+03
3.197214683039055672e+03
3.197736802116385661e+03
3.198258972335490398e+03
3.198781142554595135e+03
3.199303312773699872e+03
3.199825562206737231e+03
3.200347824166005012e+03
3.200870086125272792e+03
3.201392348084540572e+03
3.201914821419632062e+03
3.202437304197228514e+03
3.202959786974824965e+03
3.203482274530921131e+03
3.204004849008051679e+03
3.204527423485182226e+03
3.205049997962312773e+03
3.205572613654745510e+03
3.206095471518783597e+03
3.206618329382821685e+03
3.207141187246859772e+03
3.207664067110279575e+03
3.208187016592593864e+03
3.208709966074908152e+03
3.209232915557222441e+03
3.209755906790785957e+03
3.210278981288371142e+03
3.210802055785956327e+03
3.211325130283541512e+03
3.211848325977742206e+03
3.212371683943492826e+03
3.212895041909243446e+03
3.213418399874994066e+03
3.213941773030004697e+03
3.214465160045452649e+03
3.214988547060900601e+03
3.215511934076348552e+03
3.216035495675751008e+03
3.216559166199993342e+03
3.217082836724235676e+03
3.217606507248478010e+03
3.218130242832936347e+03
3.218654004853568040e+03
3.219177766874199733e+03
3.219701528894831426e+03
3.220225441693153698e+03
3.220749391216377262e+03
3.221273340739600826e+03
3.221797290262824390e+03
3.222321438347920775e+03
3.222845608973875642e+03
3.223369779599830508e+03
3.223893950225785375e+03
3.224418273700168356e+03
3.224942598228575662e+03
3.225466922756982967e+03
3.225991260999959195e+03
3.226515744184405776e+03
3.227040227368852356e+03
3.227564710553298937e+03
3.228089221694273874e+03
3.228613858740543947e+03
3.229138495786814019e+03
3.229663132833084092e+03
3.230187804177403450e+03
3.230712566198315471e+03
3.231237328219227493e+03
3.231762090240139514e+03
3.232286956986848963e+03
3.232812002800957998e+03
3.233337048615067033e+03
3.233862094429176068e+03
3.234387182535778265e+03
3.234912319561874028e+03
3.235437456587969791e+03
3.235962593614065554e+03
3.236487888889911119e+03
3.237013309790461790e+03
3.237538730691012461e+03
3.238064151591563132e+03
3.238589591147028841e+03
3.239115040690987371e+03
3.239640490234945901e+03
3.240165939778904431e+03
3.240691575743694557e+03
3.241217275277565932e+03
3.241742974811437307e+03
3.242268674345308682e+03
3.242794559875736013e+03
3.243320480877999216e+03
3.243846401880262420e+03
3.244372322882525623e+03
3.244898270553676412e+03
3.245424220118089579e+03
3.245950169682502747e+03
3.246476128895475995e+03
3.247002424984180834e+03
3.247528721072885673e+03
3.248055017161590513e+03
3.248581316692667315e+03
3.249107641262264224e+03
3.249633965831861133e+03
3.250160290401458042e+03
3.250686669033020735e+03
3.251213243592530489e+03
3.251739818152040243e+03
3.252266392711549997e+03
3.252793036057584686e+03
3.253319832248002058e+03
3.253846628438419430e+03
3.254373424628836801e+03
3.254900257563102059e+03
3.255427144640474580e+03
3.255954031717847101e+03
3.256480918795219623e+03
3.257007916391827166e+03
3.257535025140736252e+03
3.258062133889645338e+03
3.258589242638554424e+03
3.259116442315978929e+03
3.259643704398535192e+03
3.260170966481091455e+03
3.260698228563647717e+03
3.261225576541415649e+03
3.261752963639242807e+03
3.262280350737069966e+03
3.262807737834897125e+03
3.263335395655944012e+03
3.263863129521836527e+03
3.264390863387729041e+03
3.264918597253621556e+03
3.265446355866675731e+03
3.265974117969686631e+03
3.266501880072697531e+03
3.267029642175708432e+03
3.267557679821591591e+03
3.268085726245975820e+03
3.268613772670360049e+03
3.269141824929130962e+03
3.269669962037325604e+03
3.270198099145520246e+03
3.270726236253714887e+03
3.271254402903607115e+03
3.271782727514393628e+03
3.272311052125180140e+03
3.272839376735966653e+03
3.273367772864323342e+03
3.273896381918370025e+03
3.274424990972416708e+03
3.274953600026463391e+03
3.275482218793884385e+03
3.276010855922533665e+03
3.276539493051182944e+03
3.277068130179832224e+03
3.277596919891482685e+03
3.278125904031971004e+03
3.278654888172459323e+03
3.279183872312947642e+03
3.279712871377123520e+03
3.280241883510956541e+03
3.280770895644789562e+03
3.281299907778622583e+03
3.281829076932772296e+03
3.282358339056518162e+03
3.282887601180264028e+03
3.283416863304009894e+03
3.283946285843849182e+03
3.284475770086050034e+03
3.285005254328250885e+03
3.285534738570451736e+03
3.286064347633044235e+03
3.286593984761973843e+03
3.287123621890903451e+03
3.287653259019833058e+03
3.288183098498266190e+03
3.288712957826908678e+03
3.289242817155551165e+03
3.289772676871885778e+03
3.290302626518678153e+03
3.290832576165470527e+03
3.291362525812262902e+03
3.291892509790719487e+03
3.292422806693124585e+03
3.292953103595529683e+03
3.293483400497934781e+03
3.294013702766678762e+03
3.294544027418654878e+03
3.295074352070630994e+03
3.295604676722607110e+03
3.296135055252001621e+03
3.296665567406569608e+03
3.297196079561137594e+03
3.297726591715705581e+03
3.298257212447351776e+03
3.298788009451469406e+03
3.299318806455587037e+03
3.299849603459704667e+03
3.300380473091965541e+03
3.300911422779667191e+03
3.301442372467368841e+03
3.301973322155070491e+03
3.302504398431541631e+03
3.303035570522100898e+03
3.303566742612660164e+03
3.304097914703219431e+03
3.304629146576393396e+03
3.305160408741328865e+03
3.305691670906264335e+03
3.306222933071199805e+03
3.306754384779953398e+03
3.307285896975430660e+03
3.307817409170907922e+03
3.308348921366385184e+03
3.308880623009696137e+03
3.309412357689288910e+03
3.309944092368881684e+03
3.310475827048474457e+03
3.311007646961516002e+03
3.311539471634227084e+03
3.312071296306938166e+03
3.312603134995093569e+03
3.313135307289077900e+03
3.313667479583062232e+03
3.314199651877046563e+03
3.314731827845331281e+03
3.315264027563855052e+03
3.315796227282378823e+03
3.316328427000902593e+03
3.316860683770006290e+03
3.317393133478442905e+03
3.317925583186879521e+03
3.318458032895316137e+03
3.318990574529918376e+03
3.319523309453565162e+03
3.320056044377211947e+03
3.320588779300858732e+03
3.321121551586373243e+03
3.321654376299993601e+03
3.322187201013613958e+03
3.322720025727234315e+03
3.323252964219253045e+03
3.323786011701391544e+03
3.324319059183530044e+03
3.324852106665668543e+03
3.325385246248129988e+03
3.325918445966934087e+03
3.326451645685738185e+03
3.326984845404542284e+03
3.327518176227807999e+03
3.328051563449203968e+03
3.328584950670599937e+03
3.329118337891995907e+03
3.329652001016103895e+03
3.330185736143175745e+03
3.330719471270247595e+03
3.331253206397319445e+03
3.331786965515522752e+03
3.332320727742102463e+03
3.332854489968682174e+03
3.333388252195261884e+03
3.333922355921589769e+03
3.334456466094474308e+03
3.334990576267358847e+03
3.335524688557488844e+03
3.336058825789252296e+03
3.336592963021015748e+03
3.337127100252779201e+03
3.337661279979569372e+03
3.338195667241874617e+03
3.338730054504179861e+03
3.339264441766485106e+03
3.339798904250375926e+03
3.340333577052922919e+03
3.340868249855469912e+03
3.341402922658016905e+03
3.341937627513427287e+03
3.342472389780916274e+03
3.343007152048405260e+03
3.343541914315894246e+03
3.344076805649499875e+03
3.344611853538488504e+03
3.345146901427477133e+03
3.345681949316465762e+03
3.346217080186470412e+03
3.346752279946464114e+03
3.347287479706457816e+03
3.347822679466451518e+03
3.348357959318382200e+03
3.348893284093646798e+03
3.349428608868911397e+03
3.349963933644175995e+03
3.350499514088151045e+03
3.351035187094123103e+03
3.351570860100095160e+03
3.352106533106067218e+03
3.352642331935814582e+03
3.353178156731533818e+03
3.353713981527253054e+03
3.354249806322972290e+03
3.354785837088711560e+03
3.355321885181125253e+03
3.355857933273538947e+03
3.356393982884706929e+03
3.356930120157659985e+03
3.357466257430613041e+03
3.358002394703566097e+03
3.358538559803128010e+03
3.359074947106622858e+03
3.359611334410117706e+03
3.360147721713612555e+03
3.360684167559375055e+03
3.361220840768772177e+03
3.361757513978169300e+03
3.362294187187566422e+03
3.362830905818438623e+03
3.363367730614438187e+03
3.363904555410437752e+03
3.364441380206437316e+03
3.364978292934305500e+03
3.365515341230144259e+03
3.366052389525983017e+03
3.366589437821821775e+03
3.367126560022326885e+03
3.367663759823510190e+03
3.368200959624693496e+03
3.368738159425876802e+03
3.369275468340376392e+03
3.369812855644151568e+03
3.370350242947926745e+03
3.370887630251701921e+03
3.371425253117136890e+03
3.371962989057908999e+03
3.372500724998681108e+03
3.373038460939453216e+03
3.373576217170222662e+03
3.374113979479181580e+03
3.374651741788140498e+03
3.375189504097099416e+03
3.375727621715457644e+03
3.376265795229992364e+03
3.376803968744527083e+03
3.377342142259061802e+03
3.377880341056792531e+03
3.378418540898885112e+03
3.378956740740977693e+03
3.379494958800409222e+03
3.380033507401385577e+03
3.380572056002361933e+03
3.381110604603338288e+03
3.381649166248767870e+03
3.382187803583365167e+03
3.382726440917962464e+03
3.383265078252559761e+03
3.383803760765120387e+03
3.384342585602309555e+03
3.384881410439498723e+03
3.385420235276687890e+03
3.385959176879056031e+03
3.386498350597015815e+03
3.387037524314975599e+03
3.387576698032935383e+03
3.388115909851010656e+03
3.388655172221333487e+03
3.389194434591656318e+03
3.389733696961979149e+03
3.390273109079978894e+03
3.390812657884380314e+03
3.391352206688781735e+03
3.391891755493183155e+03
3.392431397598411422e+03
3.392971097461238969e+03
3.393510797324066516e+03
3.394050497186894063e+03
3.394590374934225110e+03
3.395130324827594450e+03
3.395670274720963789e+03
3.396210224614333129e+03
3.396750354821910150e+03
3.397290528743294999e+03
3.397830702664679848e+03
3.398370876586064696e+03
3.398911186415934935e+03
3.399451511314488016e+03
3.399991836213041097e+03
3.400532161111594178e+03
3.401072832833568100e+03
3.401613506856665481e+03
3.402154180879762862e+03
3.402694862766860751e+03
3.403235625157918548e+03
3.403776387548976345e+03
3.404317149940034142e+03
3.404857946465024725e+03
3.405398896358674392e+03
3.405939846252324060e+03
3.406480796145973727e+03
3.407021842393587576e+03
3.407563141574297333e+03
3.408104440755007090e+03
3.408645739935716847e+03
3.409187094905733829e+03
3.409728544819838135e+03
3.410269994733942440e+03
3.410811444648046745e+03
3.411352998692775145e+03
3.411894672959926538e+03
3.412436347227077931e+03
3.412978021494229324e+03
3.413519814781495370e+03
3.414061702188104391e+03
3.414603589594713412e+03
3.415145477001322433e+03
3.415687446048366837e+03
3.416229458470246755e+03
3.416771470892126672e+03
3.417313483314006589e+03
3.417855803253129125e+03
3.418398227652534842e+03
3.418940652051940560e+03
3.419483076451346278e+03
3.420025522326817736e+03
3.420567972241202369e+03
3.421110422155587003e+03
3.421652872069971636e+03
3.422195707298669731e+03
3.422738569312467007e+03
3.423281431326264283e+03
3.423824294011486927e+03
3.424367181459005224e+03
3.424910068906523520e+03
3.425452956354041817e+03
3.425995882294490002e+03
3.426539082259871066e+03
3.427082282225252129e+03
3.427625482190633193e+03
3.428168744430964580e+03
3.428712231561745284e+03
3.429255718692525988e+03
3.429799205823306693e+03
3.430342720296612242e+03
3.430886295267177047e+03
3.431429870237741852e+03
3.431973445208306657e+03
3.432517161935858894e+03
3.433061086640402209e+03
3.433605011344945524e+03
3.434148936049488839e+03
3.434692935933009721e+03
3.435237010924029164e+03
3.435781085915048607e+03
3.436325160906068049e+03
3.436869347167812521e+03
3.437413609661423834e+03
3.437957872155035147e+03
3.438502134648646461e+03
3.439046637661755085e+03
3.439591250011231750e+03
3.440135862360708416e+03
3.440680474710185081e+03
3.441225155635853298e+03
3.441769855621969327e+03
3.442314555608085357e+03
3.442859255594201386e+03
3.443404262186289998e+03
3.443949312150158221e+03
3.444494362114026444e+03
3.445039412077894667e+03
3.445584607607335784e+03
3.446129807613906451e+03
3.446675007620477118e+03
3.447220219679584261e+03
3.447765607188746799e+03
3.448310994697909337e+03
3.448856382207071874e+03
3.449401825104810996e+03
3.449947562672983622e+03
3.450493300241156248e+03
3.451039037809328875e+03
3.451584797562652966e+03
3.452130622564320220e+03
3.452676447565987473e+03
3.453222272567654727e+03
3.453768240696866997e+03
3.454314478407381102e+03
3.454860716117895208e+03
3.455406953828409314e+03
3.455953202416189015e+03
3.456499464950989932e+03
3.457045727485790849e+03
3.457591990020591766e+03
3.458138419711176539e+03
3.458684994723211275e+03
3.459231569735246012e+03
3.459778144747280749e+03
3.460324900843959767e+03
3.460871763671457302e+03
3.461418626498954836e+03
3.461965489326452371e+03
3.462512460444122553e+03
3.463059472989290953e+03
3.463606485534459352e+03
3.464153498079627752e+03
3.464700796981807798e+03
3.465248159911017865e+03
3.465795522840227932e+03
3.466342885769437999e+03
3.466890328107867390e+03
3.467437778145540506e+03
3.467985228183213621e+03
3.468532680631848052e+03
3.469080543662770651e+03
3.469628406693693250e+03
3.470176269724615850e+03
3.470724141464685090e+03
3.471272091522812843e+03
3.471820041580940597e+03
3.472367991639068350e+03
3.472915978105447721e+03
3.473464115666167345e+03
3.474012253226886969e+03
3.474560390787606593e+03
3.475108647327055223e+03
3.475657198002911173e+03
3.476205748678767122e+03
3.476754299354623072e+03
3.477302883243130054e+03
3.477851520824304316e+03
3.478400158405478578e+03
3.478948795986652840e+03
3.479497600593254901e+03
3.480046588842873462e+03
3.480595577092492022e+03
3.481144565342110582e+03
3.481693638893309981e+03
3.482242776494938880e+03
3.482791914096567780e+03
3.483341051698196679e+03
3.483890313888899982e+03
3.484439638993120752e+03
3.484988964097341523e+03
3.485538289201562293e+03
3.486087927799555473e+03
3.486637666222057305e+03
3.487187404644559138e+03
3.487737143067060970e+03
3.488286955388233764e+03
3.488836780472280225e+03
3.489386605556326685e+03
3.489936430640373146e+03
3.490486588111030869e+03
3.491036764107295312e+03
3.491586940103559755e+03
3.492137122322572395e+03
3.492687447427073494e+03
3.493237772531574592e+03
3.493788097636075690e+03
3.494338456632045563e+03
3.494889031767088454e+03
3.495439606902131345e+03
3.495990182037174236e+03
3.496540837582200766e+03
3.497091763751348481e+03
3.497642689920496196e+03
3.498193616089643911e+03
3.498744570209411904e+03
3.499295582836959511e+03
3.499846595464507118e+03
3.500397608092054725e+03
3.500948793478222797e+03
3.501500219749083044e+03
3.502051646019943291e+03
3.502603072290803539e+03
3.503154542764736107e+03
3.503706055412738351e+03
3.504257568060740596e+03
3.504809080708742840e+03
3.505360782724979799e+03
3.505912607890844811e+03
3.506464433056709822e+03
3.507016258222574834e+03
3.507568285407265648e+03
3.508120399323059246e+03
3.508672513238852844e+03
3.509224627154646441e+03
3.509776859184057685e+03
3.510329121842427412e+03
3.510881384500797139e+03
3.511433647159166867e+03
3.511986221916740760e+03
3.512538835934246890e+03
3.513091449951753020e+03
3.513644063969259150e+03
3.514196824048645794e+03
3.514749586727470160e+03
3.515302349406294525e+03
3.515855136007419787e+03
3.516408211204106919e+03
3.516961286400794052e+03
3.517514361597481184e+03
3.518067485983716324e+03
3.518620850133476779e+03
3.519174214283237234e+03
3.519727578432997689e+03
3.520280981996329501e+03
3.520834494685521349e+03
3.521388007374713197e+03
3.521941520063905045e+03
3.522495158917881781e+03
3.523049023169354768e+03
3.523602887420827756e+03
3.524156751672300743e+03
3.524710683290351881e+03
3.525264695999998366e+03
3.525818708709644852e+03
3.526372721419291338e+03
3.526926870903000236e+03
3.527481133602559566e+03
3.528035396302118897e+03
3.528589659001678228e+03
3.529144147220038576e+03
3.529698761644394835e+03
3.530253376068751095e+03
3.530807990493107354e+03
3.531362759964045836e+03
3.531917585171380779e+03
3.532472410378715722e+03
3.533027235586050665e+03
3.533582300828886218e+03
3.534137415354955010e+03
3.534692529881023802e+03
3.535247644407092594e+03
3.535802895878325216e+03
3.536358158618793823e+03
3.536913421359262429e+03
3.537468689647299470e+03
3.538024264865001896e+03
3.538579840082704322e+03
3.539135415300406748e+03
3.539691022931016050e+03
3.540246887589339167e+03
3.540802752247662283e+03
3.541358616905985400e+03
3.541914525080472231e+03
3.542470600318629295e+03
3.543026675556786358e+03
3.543582750794943422e+03
3.544138931731897173e+03
3.544695359019882744e+03
3.545251786307868315e+03
3.545808213595853886e+03
3.546364699307392584e+03
3.546921274566004286e+03
3.547477849824615987e+03
3.548034425083227688e+03
3.548591122469864786e+03
3.549147947718389332e+03
3.549704772966913879e+03
3.550261598215438426e+03
3.550818628644832643e+03
3.551375806105701486e+03
3.551932983566570329e+03
3.552490161027439171e+03
3.553047438493551454e+03
3.553604763762530638e+03
3.554162089031509822e+03
3.554719414300489007e+03
3.555277059296611696e+03
3.555834799346514046e+03
3.556392539396416396e+03
3.556950279446318746e+03
3.557508147383108735e+03
3.558066035159863532e+03
3.558623922936618328e+03
3.559181810713373125e+03
3.559740036522125592e+03
3.560298276673740475e+03
3.560856516825355357e+03
3.561414764969405951e+03
3.561973152766615385e+03
3.562531540563824819e+03
3.563089928361034254e+03
3.563648362284584437e+03
3.564207062599656638e+03
3.564765762914728839e+03
3.565324463229801040e+03
3.565883233522326918e+03
3.566442223846825073e+03
3.567001214171323227e+03
3.567560204495821381e+03
3.568119265365006868e+03
3.568678465700533707e+03
3.569237666036060546e+03
3.569796866371587384e+03
3.570356218195287511e+03
3.570915771149448119e+03
3.571475324103608727e+03
3.572034877057769336e+03
3.572594540004734881e+03
3.573154302848037332e+03
3.573714065691339783e+03
3.574273828534642234e+03
3.574833745873300359e+03
3.575393758706515655e+03
3.575953771539730951e+03
3.576513784372946247e+03
3.577074048413138371e+03
3.577634414027503226e+03
3.578194779641868081e+03
3.578755145256232936e+03
3.579315629597811494e+03
3.579876142451481428e+03
3.580436655305151362e+03
3.580997168158821296e+03
3.581558054985303897e+03
3.582118983188702259e+03
3.582679911392100621e+03
3.583240839595498983e+03
3.583801914290059358e+03
3.584362989651504904e+03
3.584924065012950450e+03
3.585485162579338066e+03
3.586046487930696458e+03
3.586607813282054849e+03
3.587169138633413240e+03
3.587730539952957770e+03
3.588292280857189326e+03
3.588854021761420881e+03
3.589415762665652437e+03
3.589977544261520961e+03
3.590539432161283912e+03
3.591101320061046863e+03
3.591663207960809814e+03
3.592225249993382022e+03
3.592787553486647084e+03
3.593349856979912147e+03
3.593912160473177209e+03
3.594474532419117168e+03
3.595036982826655731e+03
3.595599433234194294e+03
3.596161883641732857e+03
3.596724473850132199e+03
3.597287174247583607e+03
3.597849874645035015e+03
3.598412575042486424e+03
3.598975547055713832e+03
3.599538663209183142e+03
3.600101779362652451e+03
3.600664895516121760e+03
3.601227934538968839e+03
3.601790947454283014e+03
3.602353960369597189e+03
3.602916973284911364e+03
3.603480073057406116e+03
3.604043189210875425e+03
3.604606305364344735e+03
3.605169421517814044e+03
3.605732441091065994e+03
3.606295454006380169e+03
3.606858466921694344e+03
3.607421477918396704e+03
3.607984428305760957e+03
3.608547378693125211e+03
3.609110329080489464e+03
3.609673300076683518e+03
3.610236416230152827e+03
3.610799532383622136e+03
3.611362648537091445e+03
3.611925742211082252e+03
3.612488755126396427e+03
3.613051768041710602e+03
3.613614780957024777e+03
3.614177826078375801e+03
3.614740942231845111e+03
3.615304058385314420e+03
3.615867174538783729e+03
3.616430248763179407e+03
3.616993261678493582e+03
3.617556274593807757e+03
3.618119287509121932e+03
3.618682269078271929e+03
3.619245219465636183e+03
3.619808169853000436e+03
3.620371120240364689e+03
3.620934169251122512e+03
3.621497285404591821e+03
3.622060401558061130e+03
3.622623517711530440e+03
3.623186562798509840e+03
3.623749575713824015e+03
3.624312588629138190e+03
3.624875601544452365e+03
3.625438695252814796e+03
3.626001811406284105e+03
3.626564927559753414e+03
3.627128043713222723e+03
3.627691014481883030e+03
3.628253964869247284e+03
3.628816915256611537e+03
3.629379865643975791e+03
3.629942876833840273e+03
3.630505889749154449e+03
3.631068902664468624e+03
3.631631922272092197e+03
3.632195038425561506e+03
3.632758154579030816e+03
3.633321270732500125e+03
3.633884370470623253e+03
3.634447383385937428e+03
3.635010396301251603e+03
3.635573409216565778e+03
3.636136448273784481e+03
3.636699564427253790e+03
3.637262680580723099e+03
3.637825796734192409e+03
3.638388855254394002e+03
3.638951805641758256e+03
3.639514756029122509e+03
3.640077706416486762e+03
3.640640684505953686e+03
3.641203697421267862e+03
3.641766710336582037e+03
3.642329723251896212e+03
3.642892791446531191e+03
3.643455907600000501e+03
3.644019023753469810e+03
3.644582139906939119e+03
3.645145191058050841e+03
3.645708203973365016e+03
3.646271216888679191e+03
3.646834229803993367e+03
3.647397272194153629e+03
3.647960325860301964e+03
3.648523379526450299e+03
3.649086433192598633e+03
3.649649453469522996e+03
3.650212466384837171e+03
3.650775479300151346e+03
3.651338492215465521e+03
3.651901599309290759e+03
3.652464715462760068e+03
3.653027831616229378e+03
3.653590947106305975e+03
3.654153960021620151e+03
3.654716972936934326e+03
3.655279985852248501e+03
3.655842998730164254e+03
3.656406011645478429e+03
3.656969024560792604e+03
3.657532037476106780e+03
3.658095058294013143e+03
3.658658111960161477e+03
3.659221165626309812e+03
3.659784219292458147e+03
3.660347261141636409e+03
3.660910274056950584e+03
3.661473286972264759e+03
3.662036299887578934e+03
3.662599352330260444e+03
3.663162468483729754e+03
3.663725584637199063e+03
3.664288700790668372e+03
3.664851767693733564e+03
3.665414780609047739e+03
3.665977793524361914e+03
3.666540806439676089e+03
3.667103783574537374e+03
3.667666733961901627e+03
3.668229684349265881e+03
3.668792634736630134e+03
3.669355695503007155e+03
3.669918811656476464e+03
3.670481927809945773e+03
3.671045043963415083e+03
3.671608081729063997e+03
3.672171094644378172e+03
3.672734107559692347e+03
3.673297120475006523e+03
3.673860221504699439e+03
3.674423337658168748e+03
3.674986453811638057e+03
3.675549569965107366e+03
3.676112588281161152e+03
3.676675601196475327e+03
3.677238614111789502e+03
3.677801624347048346e+03
3.678364574734412599e+03
3.678927525121776853e+03
3.679490475509141106e+03
3.680053448523976840e+03
3.680616564677446149e+03
3.681179680830915459e+03
3.681742796984384768e+03
3.682305889401177410e+03
3.682868902316491585e+03
3.683431915231805760e+03
3.683994928147119936e+03
3.684557974525669124e+03
3.685121090679138433e+03
3.685684206832607742e+03
3.686247322986077052e+03
3.686810369750659447e+03
3.687373320138023701e+03
3.687936270525387954e+03
3.688499220912752207e+03
3.689062203436507843e+03
3.689625216351822019e+03
3.690188229267136194e+03
3.690751242182450369e+03
3.691314317698415834e+03
3.691877433851885144e+03
3.692440550005354453e+03
3.693003666158823762e+03
3.693566709988604998e+03
3.694129722903919173e+03
3.694692735819233349e+03
3.695255748734547524e+03
3.695818843700108118e+03
3.696381959853577428e+03
3.696945076007046737e+03
3.697508192160516046e+03
3.698071160910534672e+03
3.698634111297898926e+03
3.699197061685263179e+03
3.699760012072627433e+03
3.700323024023935432e+03
3.700886036939249607e+03
3.701449049854563782e+03
3.702012070719385520e+03
3.702575186872854829e+03
3.703138303026324138e+03
3.703701419179793447e+03
3.704264517660718411e+03
3.704827530576032586e+03
3.705390543491346762e+03
3.705953556406660937e+03
3.706516580114490353e+03
3.707079633780638687e+03
3.707642687446787022e+03
3.708205741112935357e+03
3.708768780072190566e+03
3.709331792987504741e+03
3.709894805902818916e+03
3.710457818818133092e+03
3.711020831696048845e+03
3.711583844611363020e+03
3.712146857526677195e+03
3.712709870441991370e+03
3.713272939893824514e+03
3.713836056047293823e+03
3.714399172200763132e+03
3.714962288354232442e+03
3.715525338248145999e+03
3.716088351163460175e+03
3.716651364078774350e+03
3.717214376994088525e+03
3.717777419880498201e+03
3.718340473546646535e+03
3.718903527212794870e+03
3.719466580878943205e+03
3.720029600659618154e+03
3.720592613574932329e+03
3.721155626490246505e+03
3.721718639405560680e+03
3.722281652283476433e+03
3.722844665198790608e+03
3.723407678114104783e+03
3.723970692914794199e+03
3.724533809068263508e+03
3.725096925221732818e+03
3.725660041375202127e+03
3.726223138843313791e+03
3.726786089230678044e+03
3.727349039618042298e+03
3.727911990005406551e+03
3.728474974775861483e+03
3.729038090929330792e+03
3.729601207082800101e+03
3.730164323236269411e+03
3.730727408331731567e+03
3.731290421247045742e+03
3.731853434162359918e+03
3.732416447077674093e+03
3.732979459955589846e+03
3.733542472870904021e+03
3.734105485786218196e+03
3.734668498701532371e+03
3.735231562089233194e+03
3.735794678242702503e+03
3.736357794396171812e+03
3.736920910549641121e+03
3.737483930003189016e+03
3.738046880390553270e+03
3.738609830777917523e+03
3.739172781165281776e+03
3.739735843950300477e+03
3.740298960103769787e+03
3.740862076257239096e+03
3.741425192410708405e+03
3.741988228919159155e+03
3.742551241834473331e+03
3.743114254749787506e+03
3.743677267665101681e+03
